image_id, xmin, ymin, xmax, ymax, class_id
VID193_A2_1_02d00h00m.tif, 1189.7574, 1027.7574, 1198.2426, 1036.2426, 0
VID193_A2_1_02d00h00m.tif, 1096.7574, 1025.7574, 1105.2426, 1034.2426, 0
VID193_A2_1_02d00h00m.tif, 1014.3431, 1022.3431, 1025.6569, 1033.6569, 0
VID193_A2_1_02d00h00m.tif, 520.7574, 1020.7574, 529.2426, 1029.2426, 0
VID193_A2_1_02d00h00m.tif, 1341.9289, 1016.9289, 1356.0711, 1031.0711, 0
VID193_A2_1_02d00h00m.tif, 666.3431, 1018.3431, 677.6569, 1029.6569, 0
VID193_A2_1_02d00h00m.tif, 248.7574, 1017.7574, 257.2426, 1026.2426, 0
VID193_A2_1_02d00h00m.tif, 835.7574, 1016.7574, 844.2426, 1025.2426, 0
VID193_A2_1_02d00h00m.tif, 1321.3431, 1013.3431, 1332.6569, 1024.6569, 0
VID193_A2_1_02d00h00m.tif, 233.3431, 1012.3431, 244.6569, 1023.6569, 0
VID193_A2_1_02d00h00m.tif, 710.3431, 1010.3431, 721.6569, 1021.6569, 0
VID193_A2_1_02d00h00m.tif, 459.3431, 1010.3431, 470.6569, 1021.6569, 0
VID193_A2_1_02d00h00m.tif, 25.7574, 1010.7574, 34.2426, 1019.2426, 0
VID193_A2_1_02d00h00m.tif, 1196.7574, 1009.7574, 1205.2426, 1018.2426, 0
VID193_A2_1_02d00h00m.tif, 164.7574, 1008.7574, 173.2426, 1017.2426, 0
VID193_A2_1_02d00h00m.tif, 1392.7574, 1007.7574, 1401.2426, 1016.2426, 0
VID193_A2_1_02d00h00m.tif, 1346.7574, 1007.7574, 1355.2426, 1016.2426, 0
VID193_A2_1_02d00h00m.tif, 937.7574, 1004.7574, 946.2426, 1013.2426, 0
VID193_A2_1_02d00h00m.tif, 175.3431, 1002.3431, 186.6569, 1013.6569, 0
VID193_A2_1_02d00h00m.tif, 74.9289, 999.9289, 89.0711, 1014.0711, 0
VID193_A2_1_02d00h00m.tif, 647.7574, 999.7574, 656.2426, 1008.2426, 0
VID193_A2_1_02d00h00m.tif, 616.7574, 999.7574, 625.2426, 1008.2426, 0
VID193_A2_1_02d00h00m.tif, 1332.3431, 997.3431, 1343.6569, 1008.6569, 0
VID193_A2_1_02d00h00m.tif, 870.7574, 997.7574, 879.2426, 1006.2426, 0
VID193_A2_1_02d00h00m.tif, 969.3431, 995.3431, 980.6569, 1006.6569, 0
VID193_A2_1_02d00h00m.tif, 569.7574, 996.7574, 578.2426, 1005.2426, 0
VID193_A2_1_02d00h00m.tif, 233.3431, 993.3431, 244.6569, 1004.6569, 0
VID193_A2_1_02d00h00m.tif, 903.3431, 992.3431, 914.6569, 1003.6569, 0
VID193_A2_1_02d00h00m.tif, 760.7574, 993.7574, 769.2426, 1002.2426, 0
VID193_A2_1_02d00h00m.tif, 247.3431, 992.3431, 258.6569, 1003.6569, 0
VID193_A2_1_02d00h00m.tif, 1034.3431, 991.3431, 1045.6569, 1002.6569, 0
VID193_A2_1_02d00h00m.tif, 507.7574, 990.7574, 516.2426, 999.2426, 0
VID193_A2_1_02d00h00m.tif, 958.7574, 987.7574, 967.2426, 996.2426, 0
VID193_A2_1_02d00h00m.tif, 69.3431, 986.3431, 80.6569, 997.6569, 0
VID193_A2_1_02d00h00m.tif, 517.3431, 984.3431, 528.6569, 995.6569, 0
VID193_A2_1_02d00h00m.tif, 1364.3431, 982.3431, 1375.6569, 993.6569, 0
VID193_A2_1_02d00h00m.tif, 1273.7574, 983.7574, 1282.2426, 992.2426, 0
VID193_A2_1_02d00h00m.tif, 979.3431, 981.3431, 990.6569, 992.6569, 0
VID193_A2_1_02d00h00m.tif, 353.7574, 982.7574, 362.2426, 991.2426, 0
VID193_A2_1_02d00h00m.tif, 896.3431, 980.3431, 907.6569, 991.6569, 0
VID193_A2_1_02d00h00m.tif, 736.3431, 980.3431, 747.6569, 991.6569, 0
VID193_A2_1_02d00h00m.tif, 51.7574, 979.7574, 60.2426, 988.2426, 0
VID193_A2_1_02d00h00m.tif, 720.3431, 977.3431, 731.6569, 988.6569, 0
VID193_A2_1_02d00h00m.tif, 236.3431, 976.3431, 247.6569, 987.6569, 0
VID193_A2_1_02d00h00m.tif, 1115.3431, 975.3431, 1126.6569, 986.6569, 0
VID193_A2_1_02d00h00m.tif, 637.3431, 974.3431, 648.6569, 985.6569, 0
VID193_A2_1_02d00h00m.tif, 1336.7574, 974.7574, 1345.2426, 983.2426, 0
VID193_A2_1_02d00h00m.tif, 544.3431, 973.3431, 555.6569, 984.6569, 0
VID193_A2_1_02d00h00m.tif, 443.7574, 974.7574, 452.2426, 983.2426, 0
VID193_A2_1_02d00h00m.tif, 63.7574, 972.7574, 72.2426, 981.2426, 0
VID193_A2_1_02d00h00m.tif, 1348.7574, 971.7574, 1357.2426, 980.2426, 0
VID193_A2_1_02d00h00m.tif, 1232.3431, 970.3431, 1243.6569, 981.6569, 0
VID193_A2_1_02d00h00m.tif, 419.9289, 968.9289, 434.0711, 983.0711, 0
VID193_A2_1_02d00h00m.tif, 914.7574, 970.7574, 923.2426, 979.2426, 0
VID193_A2_1_02d00h00m.tif, 129.7574, 970.7574, 138.2426, 979.2426, 0
VID193_A2_1_02d00h00m.tif, 520.9289, 966.9289, 535.0711, 981.0711, 0
VID193_A2_1_02d00h00m.tif, 490.3431, 967.3431, 501.6569, 978.6569, 0
VID193_A2_1_02d00h00m.tif, 1202.7574, 967.7574, 1211.2426, 976.2426, 0
VID193_A2_1_02d00h00m.tif, 692.3431, 965.3431, 703.6569, 976.6569, 0
VID193_A2_1_02d00h00m.tif, 180.3431, 964.3431, 191.6569, 975.6569, 0
VID193_A2_1_02d00h00m.tif, 1394.7574, 962.7574, 1403.2426, 971.2426, 0
VID193_A2_1_02d00h00m.tif, 122.3431, 959.3431, 133.6569, 970.6569, 0
VID193_A2_1_02d00h00m.tif, 721.7574, 959.7574, 730.2426, 968.2426, 0
VID193_A2_1_02d00h00m.tif, 825.7574, 958.7574, 834.2426, 967.2426, 0
VID193_A2_1_02d00h00m.tif, 654.3431, 957.3431, 665.6569, 968.6569, 0
VID193_A2_1_02d00h00m.tif, 574.3431, 957.3431, 585.6569, 968.6569, 0
VID193_A2_1_02d00h00m.tif, 626.5147, 953.5147, 643.4853, 970.4853, 0
VID193_A2_1_02d00h00m.tif, 532.7574, 955.7574, 541.2426, 964.2426, 0
VID193_A2_1_02d00h00m.tif, 382.7574, 955.7574, 391.2426, 964.2426, 0
VID193_A2_1_02d00h00m.tif, 599.7574, 953.7574, 608.2426, 962.2426, 0
VID193_A2_1_02d00h00m.tif, 303.3431, 952.3431, 314.6569, 963.6569, 0
VID193_A2_1_02d00h00m.tif, 203.7574, 953.7574, 212.2426, 962.2426, 0
VID193_A2_1_02d00h00m.tif, 75.7574, 953.7574, 84.2426, 962.2426, 0
VID193_A2_1_02d00h00m.tif, 190.7574, 952.7574, 199.2426, 961.2426, 0
VID193_A2_1_02d00h00m.tif, 1133.3431, 949.3431, 1144.6569, 960.6569, 0
VID193_A2_1_02d00h00m.tif, 677.7574, 950.7574, 686.2426, 959.2426, 0
VID193_A2_1_02d00h00m.tif, 585.7574, 950.7574, 594.2426, 959.2426, 0
VID193_A2_1_02d00h00m.tif, 1045.3431, 948.3431, 1056.6569, 959.6569, 0
VID193_A2_1_02d00h00m.tif, 1329.3431, 947.3431, 1340.6569, 958.6569, 0
VID193_A2_1_02d00h00m.tif, 1067.7574, 947.7574, 1076.2426, 956.2426, 0
VID193_A2_1_02d00h00m.tif, 912.7574, 947.7574, 921.2426, 956.2426, 0
VID193_A2_1_02d00h00m.tif, 699.7574, 947.7574, 708.2426, 956.2426, 0
VID193_A2_1_02d00h00m.tif, 256.3431, 946.3431, 267.6569, 957.6569, 0
VID193_A2_1_02d00h00m.tif, 715.7574, 946.7574, 724.2426, 955.2426, 0
VID193_A2_1_02d00h00m.tif, 948.3431, 943.3431, 959.6569, 954.6569, 0
VID193_A2_1_02d00h00m.tif, 570.3431, 943.3431, 581.6569, 954.6569, 0
VID193_A2_1_02d00h00m.tif, 1272.3431, 942.3431, 1283.6569, 953.6569, 0
VID193_A2_1_02d00h00m.tif, 1300.7574, 942.7574, 1309.2426, 951.2426, 0
VID193_A2_1_02d00h00m.tif, 27.3431, 940.3431, 38.6569, 951.6569, 0
VID193_A2_1_02d00h00m.tif, 322.3431, 939.3431, 333.6569, 950.6569, 0
VID193_A2_1_02d00h00m.tif, 54.7574, 940.7574, 63.2426, 949.2426, 0
VID193_A2_1_02d00h00m.tif, 1394.7574, 939.7574, 1403.2426, 948.2426, 0
VID193_A2_1_02d00h00m.tif, 1012.3431, 935.3431, 1023.6569, 946.6569, 0
VID193_A2_1_02d00h00m.tif, 937.7574, 936.7574, 946.2426, 945.2426, 0
VID193_A2_1_02d00h00m.tif, 582.7574, 936.7574, 591.2426, 945.2426, 0
VID193_A2_1_02d00h00m.tif, 1107.7574, 935.7574, 1116.2426, 944.2426, 0
VID193_A2_1_02d00h00m.tif, 437.3431, 932.3431, 448.6569, 943.6569, 0
VID193_A2_1_02d00h00m.tif, 1148.7574, 932.7574, 1157.2426, 941.2426, 0
VID193_A2_1_02d00h00m.tif, 988.3431, 931.3431, 999.6569, 942.6569, 0
VID193_A2_1_02d00h00m.tif, 1314.7574, 928.7574, 1323.2426, 937.2426, 0
VID193_A2_1_02d00h00m.tif, 892.3431, 927.3431, 903.6569, 938.6569, 0
VID193_A2_1_02d00h00m.tif, 875.7574, 927.7574, 884.2426, 936.2426, 0
VID193_A2_1_02d00h00m.tif, 368.7574, 926.7574, 377.2426, 935.2426, 0
VID193_A2_1_02d00h00m.tif, 1328.9289, 922.9289, 1343.0711, 937.0711, 0
VID193_A2_1_02d00h00m.tif, 1066.3431, 924.3431, 1077.6569, 935.6569, 0
VID193_A2_1_02d00h00m.tif, 450.7574, 921.7574, 459.2426, 930.2426, 0
VID193_A2_1_02d00h00m.tif, 1385.3431, 918.3431, 1396.6569, 929.6569, 0
VID193_A2_1_02d00h00m.tif, 520.7574, 915.7574, 529.2426, 924.2426, 0
VID193_A2_1_02d00h00m.tif, 974.3431, 911.3431, 985.6569, 922.6569, 0
VID193_A2_1_02d00h00m.tif, 730.9289, 909.9289, 745.0711, 924.0711, 0
VID193_A2_1_02d00h00m.tif, 596.3431, 911.3431, 607.6569, 922.6569, 0
VID193_A2_1_02d00h00m.tif, 1351.7574, 911.7574, 1360.2426, 920.2426, 0
VID193_A2_1_02d00h00m.tif, 841.3431, 910.3431, 852.6569, 921.6569, 0
VID193_A2_1_02d00h00m.tif, 539.7574, 911.7574, 548.2426, 920.2426, 0
VID193_A2_1_02d00h00m.tif, 49.3431, 910.3431, 60.6569, 921.6569, 0
VID193_A2_1_02d00h00m.tif, 824.7574, 910.7574, 833.2426, 919.2426, 0
VID193_A2_1_02d00h00m.tif, 15.7574, 909.7574, 24.2426, 918.2426, 0
VID193_A2_1_02d00h00m.tif, 858.3431, 906.3431, 869.6569, 917.6569, 0
VID193_A2_1_02d00h00m.tif, 290.7574, 906.7574, 299.2426, 915.2426, 0
VID193_A2_1_02d00h00m.tif, 513.7574, 905.7574, 522.2426, 914.2426, 0
VID193_A2_1_02d00h00m.tif, 1049.7574, 904.7574, 1058.2426, 913.2426, 0
VID193_A2_1_02d00h00m.tif, 753.7574, 903.7574, 762.2426, 912.2426, 0
VID193_A2_1_02d00h00m.tif, 696.7574, 903.7574, 705.2426, 912.2426, 0
VID193_A2_1_02d00h00m.tif, 359.7574, 903.7574, 368.2426, 912.2426, 0
VID193_A2_1_02d00h00m.tif, 462.7574, 901.7574, 471.2426, 910.2426, 0
VID193_A2_1_02d00h00m.tif, 18.7574, 899.7574, 27.2426, 908.2426, 0
VID193_A2_1_02d00h00m.tif, 60.3431, 897.3431, 71.6569, 908.6569, 0
VID193_A2_1_02d00h00m.tif, 542.3431, 896.3431, 553.6569, 907.6569, 0
VID193_A2_1_02d00h00m.tif, 600.3431, 895.3431, 611.6569, 906.6569, 0
VID193_A2_1_02d00h00m.tif, 1196.7574, 895.7574, 1205.2426, 904.2426, 0
VID193_A2_1_02d00h00m.tif, 627.7574, 895.7574, 636.2426, 904.2426, 0
VID193_A2_1_02d00h00m.tif, 914.7574, 893.7574, 923.2426, 902.2426, 0
VID193_A2_1_02d00h00m.tif, 450.7574, 893.7574, 459.2426, 902.2426, 0
VID193_A2_1_02d00h00m.tif, 337.7574, 893.7574, 346.2426, 902.2426, 0
VID193_A2_1_02d00h00m.tif, 23.7574, 888.7574, 32.2426, 897.2426, 0
VID193_A2_1_02d00h00m.tif, 691.3431, 885.3431, 702.6569, 896.6569, 0
VID193_A2_1_02d00h00m.tif, 152.3431, 884.3431, 163.6569, 895.6569, 0
VID193_A2_1_02d00h00m.tif, 922.3431, 882.3431, 933.6569, 893.6569, 0
VID193_A2_1_02d00h00m.tif, 13.7574, 881.7574, 22.2426, 890.2426, 0
VID193_A2_1_02d00h00m.tif, 1280.3431, 877.3431, 1291.6569, 888.6569, 0
VID193_A2_1_02d00h00m.tif, 1241.7574, 878.7574, 1250.2426, 887.2426, 0
VID193_A2_1_02d00h00m.tif, 990.7574, 878.7574, 999.2426, 887.2426, 0
VID193_A2_1_02d00h00m.tif, 804.3431, 877.3431, 815.6569, 888.6569, 0
VID193_A2_1_02d00h00m.tif, 633.3431, 877.3431, 644.6569, 888.6569, 0
VID193_A2_1_02d00h00m.tif, 753.7574, 877.7574, 762.2426, 886.2426, 0
VID193_A2_1_02d00h00m.tif, 533.7574, 877.7574, 542.2426, 886.2426, 0
VID193_A2_1_02d00h00m.tif, 216.3431, 876.3431, 227.6569, 887.6569, 0
VID193_A2_1_02d00h00m.tif, 1094.7574, 876.7574, 1103.2426, 885.2426, 0
VID193_A2_1_02d00h00m.tif, 851.3431, 874.3431, 862.6569, 885.6569, 0
VID193_A2_1_02d00h00m.tif, 515.7574, 875.7574, 524.2426, 884.2426, 0
VID193_A2_1_02d00h00m.tif, 790.7574, 874.7574, 799.2426, 883.2426, 0
VID193_A2_1_02d00h00m.tif, 329.3431, 869.3431, 340.6569, 880.6569, 0
VID193_A2_1_02d00h00m.tif, 1143.7574, 869.7574, 1152.2426, 878.2426, 0
VID193_A2_1_02d00h00m.tif, 1163.3431, 867.3431, 1174.6569, 878.6569, 0
VID193_A2_1_02d00h00m.tif, 759.7574, 866.7574, 768.2426, 875.2426, 0
VID193_A2_1_02d00h00m.tif, 1023.7574, 865.7574, 1032.2426, 874.2426, 0
VID193_A2_1_02d00h00m.tif, 391.3431, 864.3431, 402.6569, 875.6569, 0
VID193_A2_1_02d00h00m.tif, 523.3431, 863.3431, 534.6569, 874.6569, 0
VID193_A2_1_02d00h00m.tif, 1275.7574, 863.7574, 1284.2426, 872.2426, 0
VID193_A2_1_02d00h00m.tif, 1094.7574, 863.7574, 1103.2426, 872.2426, 0
VID193_A2_1_02d00h00m.tif, 412.3431, 862.3431, 423.6569, 873.6569, 0
VID193_A2_1_02d00h00m.tif, 1152.7574, 862.7574, 1161.2426, 871.2426, 0
VID193_A2_1_02d00h00m.tif, 1109.7574, 861.7574, 1118.2426, 870.2426, 0
VID193_A2_1_02d00h00m.tif, 893.3431, 858.3431, 904.6569, 869.6569, 0
VID193_A2_1_02d00h00m.tif, 1331.7574, 857.7574, 1340.2426, 866.2426, 0
VID193_A2_1_02d00h00m.tif, 216.7574, 856.7574, 225.2426, 865.2426, 0
VID193_A2_1_02d00h00m.tif, 1377.3431, 852.3431, 1388.6569, 863.6569, 0
VID193_A2_1_02d00h00m.tif, 1097.7574, 853.7574, 1106.2426, 862.2426, 0
VID193_A2_1_02d00h00m.tif, 1054.3431, 850.3431, 1065.6569, 861.6569, 0
VID193_A2_1_02d00h00m.tif, 72.7574, 851.7574, 81.2426, 860.2426, 0
VID193_A2_1_02d00h00m.tif, 359.3431, 849.3431, 370.6569, 860.6569, 0
VID193_A2_1_02d00h00m.tif, 460.3431, 848.3431, 471.6569, 859.6569, 0
VID193_A2_1_02d00h00m.tif, 1130.7574, 848.7574, 1139.2426, 857.2426, 0
VID193_A2_1_02d00h00m.tif, 653.3431, 846.3431, 664.6569, 857.6569, 0
VID193_A2_1_02d00h00m.tif, 302.3431, 846.3431, 313.6569, 857.6569, 0
VID193_A2_1_02d00h00m.tif, 1311.3431, 845.3431, 1322.6569, 856.6569, 0
VID193_A2_1_02d00h00m.tif, 1183.3431, 843.3431, 1194.6569, 854.6569, 0
VID193_A2_1_02d00h00m.tif, 1120.7574, 844.7574, 1129.2426, 853.2426, 0
VID193_A2_1_02d00h00m.tif, 440.7574, 844.7574, 449.2426, 853.2426, 0
VID193_A2_1_02d00h00m.tif, 1281.7574, 841.7574, 1290.2426, 850.2426, 0
VID193_A2_1_02d00h00m.tif, 528.7574, 841.7574, 537.2426, 850.2426, 0
VID193_A2_1_02d00h00m.tif, 259.9289, 837.9289, 274.0711, 852.0711, 0
VID193_A2_1_02d00h00m.tif, 575.7574, 839.7574, 584.2426, 848.2426, 0
VID193_A2_1_02d00h00m.tif, 940.7574, 836.7574, 949.2426, 845.2426, 0
VID193_A2_1_02d00h00m.tif, 2.3431, 835.3431, 13.6569, 846.6569, 0
VID193_A2_1_02d00h00m.tif, 336.7574, 835.7574, 345.2426, 844.2426, 0
VID193_A2_1_02d00h00m.tif, 25.7574, 835.7574, 34.2426, 844.2426, 0
VID193_A2_1_02d00h00m.tif, 670.3431, 833.3431, 681.6569, 844.6569, 0
VID193_A2_1_02d00h00m.tif, 644.3431, 833.3431, 655.6569, 844.6569, 0
VID193_A2_1_02d00h00m.tif, 84.7574, 833.7574, 93.2426, 842.2426, 0
VID193_A2_1_02d00h00m.tif, 138.3431, 831.3431, 149.6569, 842.6569, 0
VID193_A2_1_02d00h00m.tif, 1263.3431, 828.3431, 1274.6569, 839.6569, 0
VID193_A2_1_02d00h00m.tif, 659.7574, 829.7574, 668.2426, 838.2426, 0
VID193_A2_1_02d00h00m.tif, 1224.7574, 828.7574, 1233.2426, 837.2426, 0
VID193_A2_1_02d00h00m.tif, 1123.7574, 828.7574, 1132.2426, 837.2426, 0
VID193_A2_1_02d00h00m.tif, 1214.7574, 827.7574, 1223.2426, 836.2426, 0
VID193_A2_1_02d00h00m.tif, 345.7574, 827.7574, 354.2426, 836.2426, 0
VID193_A2_1_02d00h00m.tif, 976.3431, 825.3431, 987.6569, 836.6569, 0
VID193_A2_1_02d00h00m.tif, 1192.7574, 825.7574, 1201.2426, 834.2426, 0
VID193_A2_1_02d00h00m.tif, 432.9289, 822.9289, 447.0711, 837.0711, 0
VID193_A2_1_02d00h00m.tif, 1387.7574, 823.7574, 1396.2426, 832.2426, 0
VID193_A2_1_02d00h00m.tif, 99.3431, 821.3431, 110.6569, 832.6569, 0
VID193_A2_1_02d00h00m.tif, 641.3431, 819.3431, 652.6569, 830.6569, 0
VID193_A2_1_02d00h00m.tif, 317.7574, 820.7574, 326.2426, 829.2426, 0
VID193_A2_1_02d00h00m.tif, 1084.3431, 818.3431, 1095.6569, 829.6569, 0
VID193_A2_1_02d00h00m.tif, 494.7574, 817.7574, 503.2426, 826.2426, 0
VID193_A2_1_02d00h00m.tif, 169.3431, 816.3431, 180.6569, 827.6569, 0
VID193_A2_1_02d00h00m.tif, 970.7574, 816.7574, 979.2426, 825.2426, 0
VID193_A2_1_02d00h00m.tif, 600.3431, 814.3431, 611.6569, 825.6569, 0
VID193_A2_1_02d00h00m.tif, 43.3431, 814.3431, 54.6569, 825.6569, 0
VID193_A2_1_02d00h00m.tif, 83.3431, 813.3431, 94.6569, 824.6569, 0
VID193_A2_1_02d00h00m.tif, 109.7574, 812.7574, 118.2426, 821.2426, 0
VID193_A2_1_02d00h00m.tif, 551.9289, 808.9289, 566.0711, 823.0711, 0
VID193_A2_1_02d00h00m.tif, 1242.9289, 806.9289, 1257.0711, 821.0711, 0
VID193_A2_1_02d00h00m.tif, 799.7574, 809.7574, 808.2426, 818.2426, 0
VID193_A2_1_02d00h00m.tif, 1115.7574, 808.7574, 1124.2426, 817.2426, 0
VID193_A2_1_02d00h00m.tif, 237.3431, 806.3431, 248.6569, 817.6569, 0
VID193_A2_1_02d00h00m.tif, 290.7574, 805.7574, 299.2426, 814.2426, 0
VID193_A2_1_02d00h00m.tif, 458.7574, 804.7574, 467.2426, 813.2426, 0
VID193_A2_1_02d00h00m.tif, 117.7574, 803.7574, 126.2426, 812.2426, 0
VID193_A2_1_02d00h00m.tif, 944.7574, 802.7574, 953.2426, 811.2426, 0
VID193_A2_1_02d00h00m.tif, 513.3431, 801.3431, 524.6569, 812.6569, 0
VID193_A2_1_02d00h00m.tif, 83.3431, 801.3431, 94.6569, 812.6569, 0
VID193_A2_1_02d00h00m.tif, 701.5147, 795.5147, 718.4853, 812.4853, 0
VID193_A2_1_02d00h00m.tif, 255.3431, 797.3431, 266.6569, 808.6569, 0
VID193_A2_1_02d00h00m.tif, 1093.3431, 795.3431, 1104.6569, 806.6569, 0
VID193_A2_1_02d00h00m.tif, 1130.7574, 795.7574, 1139.2426, 804.2426, 0
VID193_A2_1_02d00h00m.tif, 864.7574, 795.7574, 873.2426, 804.2426, 0
VID193_A2_1_02d00h00m.tif, 443.3431, 794.3431, 454.6569, 805.6569, 0
VID193_A2_1_02d00h00m.tif, 1293.7574, 794.7574, 1302.2426, 803.2426, 0
VID193_A2_1_02d00h00m.tif, 1216.7574, 794.7574, 1225.2426, 803.2426, 0
VID193_A2_1_02d00h00m.tif, 821.3431, 792.3431, 832.6569, 803.6569, 0
VID193_A2_1_02d00h00m.tif, 124.3431, 791.3431, 135.6569, 802.6569, 0
VID193_A2_1_02d00h00m.tif, 499.3431, 790.3431, 510.6569, 801.6569, 0
VID193_A2_1_02d00h00m.tif, 764.3431, 788.3431, 775.6569, 799.6569, 0
VID193_A2_1_02d00h00m.tif, 137.3431, 787.3431, 148.6569, 798.6569, 0
VID193_A2_1_02d00h00m.tif, 88.7574, 788.7574, 97.2426, 797.2426, 0
VID193_A2_1_02d00h00m.tif, 1364.3431, 786.3431, 1375.6569, 797.6569, 0
VID193_A2_1_02d00h00m.tif, 149.3431, 786.3431, 160.6569, 797.6569, 0
VID193_A2_1_02d00h00m.tif, 1274.7574, 786.7574, 1283.2426, 795.2426, 0
VID193_A2_1_02d00h00m.tif, 461.3431, 785.3431, 472.6569, 796.6569, 0
VID193_A2_1_02d00h00m.tif, 295.3431, 785.3431, 306.6569, 796.6569, 0
VID193_A2_1_02d00h00m.tif, 100.7574, 786.7574, 109.2426, 795.2426, 0
VID193_A2_1_02d00h00m.tif, 837.3431, 784.3431, 848.6569, 795.6569, 0
VID193_A2_1_02d00h00m.tif, 1191.7574, 782.7574, 1200.2426, 791.2426, 0
VID193_A2_1_02d00h00m.tif, 865.7574, 781.7574, 874.2426, 790.2426, 0
VID193_A2_1_02d00h00m.tif, 562.7574, 780.7574, 571.2426, 789.2426, 0
VID193_A2_1_02d00h00m.tif, 116.3431, 779.3431, 127.6569, 790.6569, 0
VID193_A2_1_02d00h00m.tif, 902.7574, 779.7574, 911.2426, 788.2426, 0
VID193_A2_1_02d00h00m.tif, 518.7574, 779.7574, 527.2426, 788.2426, 0
VID193_A2_1_02d00h00m.tif, 76.7574, 779.7574, 85.2426, 788.2426, 0
VID193_A2_1_02d00h00m.tif, 1256.7574, 775.7574, 1265.2426, 784.2426, 0
VID193_A2_1_02d00h00m.tif, 252.3431, 774.3431, 263.6569, 785.6569, 0
VID193_A2_1_02d00h00m.tif, 228.3431, 774.3431, 239.6569, 785.6569, 0
VID193_A2_1_02d00h00m.tif, 61.9289, 772.9289, 76.0711, 787.0711, 0
VID193_A2_1_02d00h00m.tif, 1227.7574, 774.7574, 1236.2426, 783.2426, 0
VID193_A2_1_02d00h00m.tif, 429.9289, 770.9289, 444.0711, 785.0711, 0
VID193_A2_1_02d00h00m.tif, 133.7574, 772.7574, 142.2426, 781.2426, 0
VID193_A2_1_02d00h00m.tif, 87.3431, 770.3431, 98.6569, 781.6569, 0
VID193_A2_1_02d00h00m.tif, 420.7574, 770.7574, 429.2426, 779.2426, 0
VID193_A2_1_02d00h00m.tif, 1024.7574, 767.7574, 1033.2426, 776.2426, 0
VID193_A2_1_02d00h00m.tif, 146.3431, 765.3431, 157.6569, 776.6569, 0
VID193_A2_1_02d00h00m.tif, 857.3431, 764.3431, 868.6569, 775.6569, 0
VID193_A2_1_02d00h00m.tif, 283.9289, 762.9289, 298.0711, 777.0711, 0
VID193_A2_1_02d00h00m.tif, 255.7574, 762.7574, 264.2426, 771.2426, 0
VID193_A2_1_02d00h00m.tif, 132.7574, 762.7574, 141.2426, 771.2426, 0
VID193_A2_1_02d00h00m.tif, 1130.7574, 761.7574, 1139.2426, 770.2426, 0
VID193_A2_1_02d00h00m.tif, 206.9289, 757.9289, 221.0711, 772.0711, 0
VID193_A2_1_02d00h00m.tif, 906.7574, 757.7574, 915.2426, 766.2426, 0
VID193_A2_1_02d00h00m.tif, 506.7574, 757.7574, 515.2426, 766.2426, 0
VID193_A2_1_02d00h00m.tif, 1333.7574, 756.7574, 1342.2426, 765.2426, 0
VID193_A2_1_02d00h00m.tif, 1017.3431, 754.3431, 1028.6569, 765.6569, 0
VID193_A2_1_02d00h00m.tif, 547.7574, 755.7574, 556.2426, 764.2426, 0
VID193_A2_1_02d00h00m.tif, 1373.7574, 753.7574, 1382.2426, 762.2426, 0
VID193_A2_1_02d00h00m.tif, 318.3431, 752.3431, 329.6569, 763.6569, 0
VID193_A2_1_02d00h00m.tif, 1348.7574, 752.7574, 1357.2426, 761.2426, 0
VID193_A2_1_02d00h00m.tif, 1225.7574, 750.7574, 1234.2426, 759.2426, 0
VID193_A2_1_02d00h00m.tif, 300.7574, 747.7574, 309.2426, 756.2426, 0
VID193_A2_1_02d00h00m.tif, 148.7574, 747.7574, 157.2426, 756.2426, 0
VID193_A2_1_02d00h00m.tif, 1192.7574, 746.7574, 1201.2426, 755.2426, 0
VID193_A2_1_02d00h00m.tif, 1159.7574, 746.7574, 1168.2426, 755.2426, 0
VID193_A2_1_02d00h00m.tif, 933.3431, 745.3431, 944.6569, 756.6569, 0
VID193_A2_1_02d00h00m.tif, 161.3431, 745.3431, 172.6569, 756.6569, 0
VID193_A2_1_02d00h00m.tif, 1238.7574, 745.7574, 1247.2426, 754.2426, 0
VID193_A2_1_02d00h00m.tif, 1000.3431, 744.3431, 1011.6569, 755.6569, 0
VID193_A2_1_02d00h00m.tif, 690.7574, 745.7574, 699.2426, 754.2426, 0
VID193_A2_1_02d00h00m.tif, 1269.7574, 742.7574, 1278.2426, 751.2426, 0
VID193_A2_1_02d00h00m.tif, 1171.7574, 740.7574, 1180.2426, 749.2426, 0
VID193_A2_1_02d00h00m.tif, 984.3431, 737.3431, 995.6569, 748.6569, 0
VID193_A2_1_02d00h00m.tif, 872.7574, 738.7574, 881.2426, 747.2426, 0
VID193_A2_1_02d00h00m.tif, 1254.7574, 737.7574, 1263.2426, 746.2426, 0
VID193_A2_1_02d00h00m.tif, 1076.7574, 736.7574, 1085.2426, 745.2426, 0
VID193_A2_1_02d00h00m.tif, 917.3431, 735.3431, 928.6569, 746.6569, 0
VID193_A2_1_02d00h00m.tif, 383.7574, 735.7574, 392.2426, 744.2426, 0
VID193_A2_1_02d00h00m.tif, 1196.7574, 733.7574, 1205.2426, 742.2426, 0
VID193_A2_1_02d00h00m.tif, 1052.3431, 732.3431, 1063.6569, 743.6569, 0
VID193_A2_1_02d00h00m.tif, 738.7574, 733.7574, 747.2426, 742.2426, 0
VID193_A2_1_02d00h00m.tif, 1331.1005, 727.1005, 1350.8995, 746.8995, 0
VID193_A2_1_02d00h00m.tif, 1111.7574, 732.7574, 1120.2426, 741.2426, 0
VID193_A2_1_02d00h00m.tif, 831.7574, 732.7574, 840.2426, 741.2426, 0
VID193_A2_1_02d00h00m.tif, 518.3431, 729.3431, 529.6569, 740.6569, 0
VID193_A2_1_02d00h00m.tif, 394.7574, 730.7574, 403.2426, 739.2426, 0
VID193_A2_1_02d00h00m.tif, 322.9289, 727.9289, 337.0711, 742.0711, 0
VID193_A2_1_02d00h00m.tif, 1360.3431, 728.3431, 1371.6569, 739.6569, 0
VID193_A2_1_02d00h00m.tif, 549.9289, 726.9289, 564.0711, 741.0711, 0
VID193_A2_1_02d00h00m.tif, 533.3431, 728.3431, 544.6569, 739.6569, 0
VID193_A2_1_02d00h00m.tif, 283.9289, 725.9289, 298.0711, 740.0711, 0
VID193_A2_1_02d00h00m.tif, 631.7574, 726.7574, 640.2426, 735.2426, 0
VID193_A2_1_02d00h00m.tif, 1011.7574, 725.7574, 1020.2426, 734.2426, 0
VID193_A2_1_02d00h00m.tif, 178.3431, 724.3431, 189.6569, 735.6569, 0
VID193_A2_1_02d00h00m.tif, 444.9289, 721.9289, 459.0711, 736.0711, 0
VID193_A2_1_02d00h00m.tif, 993.3431, 721.3431, 1004.6569, 732.6569, 0
VID193_A2_1_02d00h00m.tif, 141.9289, 719.9289, 156.0711, 734.0711, 0
VID193_A2_1_02d00h00m.tif, 1233.7574, 720.7574, 1242.2426, 729.2426, 0
VID193_A2_1_02d00h00m.tif, 793.7574, 720.7574, 802.2426, 729.2426, 0
VID193_A2_1_02d00h00m.tif, 780.3431, 719.3431, 791.6569, 730.6569, 0
VID193_A2_1_02d00h00m.tif, 731.3431, 716.3431, 742.6569, 727.6569, 0
VID193_A2_1_02d00h00m.tif, 1057.7574, 715.7574, 1066.2426, 724.2426, 0
VID193_A2_1_02d00h00m.tif, 415.3431, 713.3431, 426.6569, 724.6569, 0
VID193_A2_1_02d00h00m.tif, 903.3431, 710.3431, 914.6569, 721.6569, 0
VID193_A2_1_02d00h00m.tif, 513.7574, 710.7574, 522.2426, 719.2426, 0
VID193_A2_1_02d00h00m.tif, 1032.7574, 708.7574, 1041.2426, 717.2426, 0
VID193_A2_1_02d00h00m.tif, 400.7574, 704.7574, 409.2426, 713.2426, 0
VID193_A2_1_02d00h00m.tif, 1291.7574, 703.7574, 1300.2426, 712.2426, 0
VID193_A2_1_02d00h00m.tif, 1207.3431, 701.3431, 1218.6569, 712.6569, 0
VID193_A2_1_02d00h00m.tif, 1081.3431, 700.3431, 1092.6569, 711.6569, 0
VID193_A2_1_02d00h00m.tif, 1346.7574, 700.7574, 1355.2426, 709.2426, 0
VID193_A2_1_02d00h00m.tif, 244.3431, 697.3431, 255.6569, 708.6569, 0
VID193_A2_1_02d00h00m.tif, 130.7574, 698.7574, 139.2426, 707.2426, 0
VID193_A2_1_02d00h00m.tif, 557.3431, 696.3431, 568.6569, 707.6569, 0
VID193_A2_1_02d00h00m.tif, 409.3431, 696.3431, 420.6569, 707.6569, 0
VID193_A2_1_02d00h00m.tif, 689.7574, 690.7574, 698.2426, 699.2426, 0
VID193_A2_1_02d00h00m.tif, 595.3431, 686.3431, 606.6569, 697.6569, 0
VID193_A2_1_02d00h00m.tif, 474.9289, 683.9289, 489.0711, 698.0711, 0
VID193_A2_1_02d00h00m.tif, 1358.3431, 684.3431, 1369.6569, 695.6569, 0
VID193_A2_1_02d00h00m.tif, 710.3431, 684.3431, 721.6569, 695.6569, 0
VID193_A2_1_02d00h00m.tif, 609.3431, 684.3431, 620.6569, 695.6569, 0
VID193_A2_1_02d00h00m.tif, 1326.7574, 684.7574, 1335.2426, 693.2426, 0
VID193_A2_1_02d00h00m.tif, 1284.3431, 682.3431, 1295.6569, 693.6569, 0
VID193_A2_1_02d00h00m.tif, 446.9289, 680.9289, 461.0711, 695.0711, 0
VID193_A2_1_02d00h00m.tif, 990.3431, 681.3431, 1001.6569, 692.6569, 0
VID193_A2_1_02d00h00m.tif, 1090.7574, 681.7574, 1099.2426, 690.2426, 0
VID193_A2_1_02d00h00m.tif, 309.7574, 681.7574, 318.2426, 690.2426, 0
VID193_A2_1_02d00h00m.tif, 107.7574, 678.7574, 116.2426, 687.2426, 0
VID193_A2_1_02d00h00m.tif, 758.7574, 676.7574, 767.2426, 685.2426, 0
VID193_A2_1_02d00h00m.tif, 576.3431, 675.3431, 587.6569, 686.6569, 0
VID193_A2_1_02d00h00m.tif, 121.7574, 674.7574, 130.2426, 683.2426, 0
VID193_A2_1_02d00h00m.tif, 517.3431, 672.3431, 528.6569, 683.6569, 0
VID193_A2_1_02d00h00m.tif, 420.3431, 671.3431, 431.6569, 682.6569, 0
VID193_A2_1_02d00h00m.tif, 1259.3431, 670.3431, 1270.6569, 681.6569, 0
VID193_A2_1_02d00h00m.tif, 304.7574, 669.7574, 313.2426, 678.2426, 0
VID193_A2_1_02d00h00m.tif, 1206.7574, 668.7574, 1215.2426, 677.2426, 0
VID193_A2_1_02d00h00m.tif, 1124.7574, 667.7574, 1133.2426, 676.2426, 0
VID193_A2_1_02d00h00m.tif, 1083.7574, 667.7574, 1092.2426, 676.2426, 0
VID193_A2_1_02d00h00m.tif, 175.7574, 666.7574, 184.2426, 675.2426, 0
VID193_A2_1_02d00h00m.tif, 75.3431, 665.3431, 86.6569, 676.6569, 0
VID193_A2_1_02d00h00m.tif, 676.3431, 664.3431, 687.6569, 675.6569, 0
VID193_A2_1_02d00h00m.tif, 314.7574, 664.7574, 323.2426, 673.2426, 0
VID193_A2_1_02d00h00m.tif, 1096.7574, 662.7574, 1105.2426, 671.2426, 0
VID193_A2_1_02d00h00m.tif, 817.3431, 661.3431, 828.6569, 672.6569, 0
VID193_A2_1_02d00h00m.tif, 963.7574, 661.7574, 972.2426, 670.2426, 0
VID193_A2_1_02d00h00m.tif, 67.3431, 659.3431, 78.6569, 670.6569, 0
VID193_A2_1_02d00h00m.tif, 1028.7574, 659.7574, 1037.2426, 668.2426, 0
VID193_A2_1_02d00h00m.tif, 10.3431, 658.3431, 21.6569, 669.6569, 0
VID193_A2_1_02d00h00m.tif, 1134.7574, 658.7574, 1143.2426, 667.2426, 0
VID193_A2_1_02d00h00m.tif, 1309.3431, 656.3431, 1320.6569, 667.6569, 0
VID193_A2_1_02d00h00m.tif, 228.3431, 656.3431, 239.6569, 667.6569, 0
VID193_A2_1_02d00h00m.tif, 708.7574, 656.7574, 717.2426, 665.2426, 0
VID193_A2_1_02d00h00m.tif, 570.3431, 655.3431, 581.6569, 666.6569, 0
VID193_A2_1_02d00h00m.tif, 951.3431, 652.3431, 962.6569, 663.6569, 0
VID193_A2_1_02d00h00m.tif, 853.9289, 650.9289, 868.0711, 665.0711, 0
VID193_A2_1_02d00h00m.tif, 668.3431, 651.3431, 679.6569, 662.6569, 0
VID193_A2_1_02d00h00m.tif, 1113.7574, 651.7574, 1122.2426, 660.2426, 0
VID193_A2_1_02d00h00m.tif, 637.9289, 648.9289, 652.0711, 663.0711, 0
VID193_A2_1_02d00h00m.tif, 529.7574, 651.7574, 538.2426, 660.2426, 0
VID193_A2_1_02d00h00m.tif, 557.3431, 647.3431, 568.6569, 658.6569, 0
VID193_A2_1_02d00h00m.tif, 516.3431, 647.3431, 527.6569, 658.6569, 0
VID193_A2_1_02d00h00m.tif, 783.7574, 645.7574, 792.2426, 654.2426, 0
VID193_A2_1_02d00h00m.tif, 335.7574, 645.7574, 344.2426, 654.2426, 0
VID193_A2_1_02d00h00m.tif, 377.3431, 643.3431, 388.6569, 654.6569, 0
VID193_A2_1_02d00h00m.tif, 1279.9289, 638.9289, 1294.0711, 653.0711, 0
VID193_A2_1_02d00h00m.tif, 957.7574, 640.7574, 966.2426, 649.2426, 0
VID193_A2_1_02d00h00m.tif, 856.7574, 640.7574, 865.2426, 649.2426, 0
VID193_A2_1_02d00h00m.tif, 483.3431, 639.3431, 494.6569, 650.6569, 0
VID193_A2_1_02d00h00m.tif, 78.3431, 639.3431, 89.6569, 650.6569, 0
VID193_A2_1_02d00h00m.tif, 1084.7574, 639.7574, 1093.2426, 648.2426, 0
VID193_A2_1_02d00h00m.tif, 1358.7574, 637.7574, 1367.2426, 646.2426, 0
VID193_A2_1_02d00h00m.tif, 439.3431, 635.3431, 450.6569, 646.6569, 0
VID193_A2_1_02d00h00m.tif, 1064.7574, 635.7574, 1073.2426, 644.2426, 0
VID193_A2_1_02d00h00m.tif, 606.3431, 634.3431, 617.6569, 645.6569, 0
VID193_A2_1_02d00h00m.tif, 268.3431, 634.3431, 279.6569, 645.6569, 0
VID193_A2_1_02d00h00m.tif, 1328.3431, 631.3431, 1339.6569, 642.6569, 0
VID193_A2_1_02d00h00m.tif, 328.7574, 630.7574, 337.2426, 639.2426, 0
VID193_A2_1_02d00h00m.tif, 124.7574, 629.7574, 133.2426, 638.2426, 0
VID193_A2_1_02d00h00m.tif, 739.7574, 628.7574, 748.2426, 637.2426, 0
VID193_A2_1_02d00h00m.tif, 770.7574, 626.7574, 779.2426, 635.2426, 0
VID193_A2_1_02d00h00m.tif, 1340.7574, 624.7574, 1349.2426, 633.2426, 0
VID193_A2_1_02d00h00m.tif, 1060.7574, 624.7574, 1069.2426, 633.2426, 0
VID193_A2_1_02d00h00m.tif, 508.7574, 624.7574, 517.2426, 633.2426, 0
VID193_A2_1_02d00h00m.tif, 1308.3431, 622.3431, 1319.6569, 633.6569, 0
VID193_A2_1_02d00h00m.tif, 927.3431, 621.3431, 938.6569, 632.6569, 0
VID193_A2_1_02d00h00m.tif, 656.7574, 622.7574, 665.2426, 631.2426, 0
VID193_A2_1_02d00h00m.tif, 609.7574, 621.7574, 618.2426, 630.2426, 0
VID193_A2_1_02d00h00m.tif, 288.7574, 620.7574, 297.2426, 629.2426, 0
VID193_A2_1_02d00h00m.tif, 105.7574, 620.7574, 114.2426, 629.2426, 0
VID193_A2_1_02d00h00m.tif, 998.7574, 619.7574, 1007.2426, 628.2426, 0
VID193_A2_1_02d00h00m.tif, 733.7574, 619.7574, 742.2426, 628.2426, 0
VID193_A2_1_02d00h00m.tif, 542.3431, 618.3431, 553.6569, 629.6569, 0
VID193_A2_1_02d00h00m.tif, 520.7574, 619.7574, 529.2426, 628.2426, 0
VID193_A2_1_02d00h00m.tif, 138.3431, 617.3431, 149.6569, 628.6569, 0
VID193_A2_1_02d00h00m.tif, 1379.7574, 616.7574, 1388.2426, 625.2426, 0
VID193_A2_1_02d00h00m.tif, 622.7574, 616.7574, 631.2426, 625.2426, 0
VID193_A2_1_02d00h00m.tif, 1349.7574, 615.7574, 1358.2426, 624.2426, 0
VID193_A2_1_02d00h00m.tif, 778.3431, 614.3431, 789.6569, 625.6569, 0
VID193_A2_1_02d00h00m.tif, 557.7574, 615.7574, 566.2426, 624.2426, 0
VID193_A2_1_02d00h00m.tif, 1010.3431, 613.3431, 1021.6569, 624.6569, 0
VID193_A2_1_02d00h00m.tif, 1275.3431, 612.3431, 1286.6569, 623.6569, 0
VID193_A2_1_02d00h00m.tif, 1179.7574, 613.7574, 1188.2426, 622.2426, 0
VID193_A2_1_02d00h00m.tif, 1139.7574, 613.7574, 1148.2426, 622.2426, 0
VID193_A2_1_02d00h00m.tif, 1125.3431, 612.3431, 1136.6569, 623.6569, 0
VID193_A2_1_02d00h00m.tif, 335.7574, 613.7574, 344.2426, 622.2426, 0
VID193_A2_1_02d00h00m.tif, 271.7574, 613.7574, 280.2426, 622.2426, 0
VID193_A2_1_02d00h00m.tif, 113.7574, 612.7574, 122.2426, 621.2426, 0
VID193_A2_1_02d00h00m.tif, 1059.7574, 611.7574, 1068.2426, 620.2426, 0
VID193_A2_1_02d00h00m.tif, 252.3431, 610.3431, 263.6569, 621.6569, 0
VID193_A2_1_02d00h00m.tif, 1398.7574, 609.7574, 1407.2426, 618.2426, 0
VID193_A2_1_02d00h00m.tif, 645.7574, 609.7574, 654.2426, 618.2426, 0
VID193_A2_1_02d00h00m.tif, 682.3431, 607.3431, 693.6569, 618.6569, 0
VID193_A2_1_02d00h00m.tif, 421.9289, 605.9289, 436.0711, 620.0711, 0
VID193_A2_1_02d00h00m.tif, 635.7574, 607.7574, 644.2426, 616.2426, 0
VID193_A2_1_02d00h00m.tif, 1262.7574, 606.7574, 1271.2426, 615.2426, 0
VID193_A2_1_02d00h00m.tif, 484.3431, 605.3431, 495.6569, 616.6569, 0
VID193_A2_1_02d00h00m.tif, 971.7574, 605.7574, 980.2426, 614.2426, 0
VID193_A2_1_02d00h00m.tif, 1046.7574, 604.7574, 1055.2426, 613.2426, 0
VID193_A2_1_02d00h00m.tif, 579.7574, 604.7574, 588.2426, 613.2426, 0
VID193_A2_1_02d00h00m.tif, 520.3431, 602.3431, 531.6569, 613.6569, 0
VID193_A2_1_02d00h00m.tif, 338.3431, 602.3431, 349.6569, 613.6569, 0
VID193_A2_1_02d00h00m.tif, 732.7574, 602.7574, 741.2426, 611.2426, 0
VID193_A2_1_02d00h00m.tif, 561.3431, 600.3431, 572.6569, 611.6569, 0
VID193_A2_1_02d00h00m.tif, 315.7574, 601.7574, 324.2426, 610.2426, 0
VID193_A2_1_02d00h00m.tif, 290.3431, 600.3431, 301.6569, 611.6569, 0
VID193_A2_1_02d00h00m.tif, 1369.7574, 600.7574, 1378.2426, 609.2426, 0
VID193_A2_1_02d00h00m.tif, 224.3431, 598.3431, 235.6569, 609.6569, 0
VID193_A2_1_02d00h00m.tif, 944.7574, 598.7574, 953.2426, 607.2426, 0
VID193_A2_1_02d00h00m.tif, 1322.9289, 592.9289, 1337.0711, 607.0711, 0
VID193_A2_1_02d00h00m.tif, 593.7574, 595.7574, 602.2426, 604.2426, 0
VID193_A2_1_02d00h00m.tif, 172.3431, 594.3431, 183.6569, 605.6569, 0
VID193_A2_1_02d00h00m.tif, 709.7574, 592.7574, 718.2426, 601.2426, 0
VID193_A2_1_02d00h00m.tif, 313.7574, 591.7574, 322.2426, 600.2426, 0
VID193_A2_1_02d00h00m.tif, 246.3431, 590.3431, 257.6569, 601.6569, 0
VID193_A2_1_02d00h00m.tif, 1110.7574, 590.7574, 1119.2426, 599.2426, 0
VID193_A2_1_02d00h00m.tif, 801.7574, 590.7574, 810.2426, 599.2426, 0
VID193_A2_1_02d00h00m.tif, 1033.3431, 588.3431, 1044.6569, 599.6569, 0
VID193_A2_1_02d00h00m.tif, 1364.7574, 588.7574, 1373.2426, 597.2426, 0
VID193_A2_1_02d00h00m.tif, 1003.7574, 588.7574, 1012.2426, 597.2426, 0
VID193_A2_1_02d00h00m.tif, 1282.7574, 587.7574, 1291.2426, 596.2426, 0
VID193_A2_1_02d00h00m.tif, 574.3431, 586.3431, 585.6569, 597.6569, 0
VID193_A2_1_02d00h00m.tif, 738.3431, 585.3431, 749.6569, 596.6569, 0
VID193_A2_1_02d00h00m.tif, 78.7574, 585.7574, 87.2426, 594.2426, 0
VID193_A2_1_02d00h00m.tif, 651.7574, 584.7574, 660.2426, 593.2426, 0
VID193_A2_1_02d00h00m.tif, 134.7574, 584.7574, 143.2426, 593.2426, 0
VID193_A2_1_02d00h00m.tif, 915.7574, 583.7574, 924.2426, 592.2426, 0
VID193_A2_1_02d00h00m.tif, 386.7574, 582.7574, 395.2426, 591.2426, 0
VID193_A2_1_02d00h00m.tif, 670.3431, 580.3431, 681.6569, 591.6569, 0
VID193_A2_1_02d00h00m.tif, 1305.7574, 577.7574, 1314.2426, 586.2426, 0
VID193_A2_1_02d00h00m.tif, 1141.7574, 576.7574, 1150.2426, 585.2426, 0
VID193_A2_1_02d00h00m.tif, 757.7574, 571.7574, 766.2426, 580.2426, 0
VID193_A2_1_02d00h00m.tif, 1323.7574, 570.7574, 1332.2426, 579.2426, 0
VID193_A2_1_02d00h00m.tif, 817.7574, 570.7574, 826.2426, 579.2426, 0
VID193_A2_1_02d00h00m.tif, 172.3431, 569.3431, 183.6569, 580.6569, 0
VID193_A2_1_02d00h00m.tif, 271.7574, 569.7574, 280.2426, 578.2426, 0
VID193_A2_1_02d00h00m.tif, 571.7574, 568.7574, 580.2426, 577.2426, 0
VID193_A2_1_02d00h00m.tif, 997.3431, 566.3431, 1008.6569, 577.6569, 0
VID193_A2_1_02d00h00m.tif, 387.7574, 567.7574, 396.2426, 576.2426, 0
VID193_A2_1_02d00h00m.tif, 549.3431, 564.3431, 560.6569, 575.6569, 0
VID193_A2_1_02d00h00m.tif, 329.7574, 565.7574, 338.2426, 574.2426, 0
VID193_A2_1_02d00h00m.tif, 94.7574, 565.7574, 103.2426, 574.2426, 0
VID193_A2_1_02d00h00m.tif, 79.7574, 565.7574, 88.2426, 574.2426, 0
VID193_A2_1_02d00h00m.tif, 1305.7574, 564.7574, 1314.2426, 573.2426, 0
VID193_A2_1_02d00h00m.tif, 317.7574, 563.7574, 326.2426, 572.2426, 0
VID193_A2_1_02d00h00m.tif, 1359.7574, 561.7574, 1368.2426, 570.2426, 0
VID193_A2_1_02d00h00m.tif, 740.3431, 558.3431, 751.6569, 569.6569, 0
VID193_A2_1_02d00h00m.tif, 1272.3431, 556.3431, 1283.6569, 567.6569, 0
VID193_A2_1_02d00h00m.tif, 1223.9289, 554.9289, 1238.0711, 569.0711, 0
VID193_A2_1_02d00h00m.tif, 307.7574, 557.7574, 316.2426, 566.2426, 0
VID193_A2_1_02d00h00m.tif, 485.3431, 555.3431, 496.6569, 566.6569, 0
VID193_A2_1_02d00h00m.tif, 104.3431, 555.3431, 115.6569, 566.6569, 0
VID193_A2_1_02d00h00m.tif, 429.9289, 552.9289, 444.0711, 567.0711, 0
VID193_A2_1_02d00h00m.tif, 176.7574, 555.7574, 185.2426, 564.2426, 0
VID193_A2_1_02d00h00m.tif, 1206.3431, 553.3431, 1217.6569, 564.6569, 0
VID193_A2_1_02d00h00m.tif, 962.7574, 554.7574, 971.2426, 563.2426, 0
VID193_A2_1_02d00h00m.tif, 800.3431, 552.3431, 811.6569, 563.6569, 0
VID193_A2_1_02d00h00m.tif, 457.9289, 550.9289, 472.0711, 565.0711, 0
VID193_A2_1_02d00h00m.tif, 416.3431, 552.3431, 427.6569, 563.6569, 0
VID193_A2_1_02d00h00m.tif, 86.3431, 552.3431, 97.6569, 563.6569, 0
VID193_A2_1_02d00h00m.tif, 1074.7574, 547.7574, 1083.2426, 556.2426, 0
VID193_A2_1_02d00h00m.tif, 666.7574, 547.7574, 675.2426, 556.2426, 0
VID193_A2_1_02d00h00m.tif, 938.5147, 542.5147, 955.4853, 559.4853, 0
VID193_A2_1_02d00h00m.tif, 683.7574, 546.7574, 692.2426, 555.2426, 0
VID193_A2_1_02d00h00m.tif, 168.3431, 545.3431, 179.6569, 556.6569, 0
VID193_A2_1_02d00h00m.tif, 1221.7574, 543.7574, 1230.2426, 552.2426, 0
VID193_A2_1_02d00h00m.tif, 639.3431, 542.3431, 650.6569, 553.6569, 0
VID193_A2_1_02d00h00m.tif, 508.7574, 542.7574, 517.2426, 551.2426, 0
VID193_A2_1_02d00h00m.tif, 218.7574, 542.7574, 227.2426, 551.2426, 0
VID193_A2_1_02d00h00m.tif, 1270.7574, 540.7574, 1279.2426, 549.2426, 0
VID193_A2_1_02d00h00m.tif, 622.3431, 539.3431, 633.6569, 550.6569, 0
VID193_A2_1_02d00h00m.tif, 96.7574, 540.7574, 105.2426, 549.2426, 0
VID193_A2_1_02d00h00m.tif, 855.7574, 539.7574, 864.2426, 548.2426, 0
VID193_A2_1_02d00h00m.tif, 827.3431, 535.3431, 838.6569, 546.6569, 0
VID193_A2_1_02d00h00m.tif, 303.9289, 533.9289, 318.0711, 548.0711, 0
VID193_A2_1_02d00h00m.tif, 147.3431, 535.3431, 158.6569, 546.6569, 0
VID193_A2_1_02d00h00m.tif, 1387.3431, 534.3431, 1398.6569, 545.6569, 0
VID193_A2_1_02d00h00m.tif, 1185.9289, 532.9289, 1200.0711, 547.0711, 0
VID193_A2_1_02d00h00m.tif, 217.3431, 533.3431, 228.6569, 544.6569, 0
VID193_A2_1_02d00h00m.tif, 272.7574, 533.7574, 281.2426, 542.2426, 0
VID193_A2_1_02d00h00m.tif, 446.7574, 532.7574, 455.2426, 541.2426, 0
VID193_A2_1_02d00h00m.tif, 336.7574, 532.7574, 345.2426, 541.2426, 0
VID193_A2_1_02d00h00m.tif, 398.3431, 530.3431, 409.6569, 541.6569, 0
VID193_A2_1_02d00h00m.tif, 1169.3431, 529.3431, 1180.6569, 540.6569, 0
VID193_A2_1_02d00h00m.tif, 251.7574, 529.7574, 260.2426, 538.2426, 0
VID193_A2_1_02d00h00m.tif, 1337.7574, 528.7574, 1346.2426, 537.2426, 0
VID193_A2_1_02d00h00m.tif, 1255.7574, 526.7574, 1264.2426, 535.2426, 0
VID193_A2_1_02d00h00m.tif, 1068.3431, 524.3431, 1079.6569, 535.6569, 0
VID193_A2_1_02d00h00m.tif, 10.3431, 524.3431, 21.6569, 535.6569, 0
VID193_A2_1_02d00h00m.tif, 294.7574, 524.7574, 303.2426, 533.2426, 0
VID193_A2_1_02d00h00m.tif, 278.7574, 524.7574, 287.2426, 533.2426, 0
VID193_A2_1_02d00h00m.tif, 774.3431, 522.3431, 785.6569, 533.6569, 0
VID193_A2_1_02d00h00m.tif, 623.3431, 520.3431, 634.6569, 531.6569, 0
VID193_A2_1_02d00h00m.tif, 789.7574, 520.7574, 798.2426, 529.2426, 0
VID193_A2_1_02d00h00m.tif, 114.3431, 518.3431, 125.6569, 529.6569, 0
VID193_A2_1_02d00h00m.tif, 1213.3431, 516.3431, 1224.6569, 527.6569, 0
VID193_A2_1_02d00h00m.tif, 925.7574, 517.7574, 934.2426, 526.2426, 0
VID193_A2_1_02d00h00m.tif, 448.7574, 517.7574, 457.2426, 526.2426, 0
VID193_A2_1_02d00h00m.tif, 314.3431, 516.3431, 325.6569, 527.6569, 0
VID193_A2_1_02d00h00m.tif, 1330.7574, 516.7574, 1339.2426, 525.2426, 0
VID193_A2_1_02d00h00m.tif, 1009.3431, 515.3431, 1020.6569, 526.6569, 0
VID193_A2_1_02d00h00m.tif, 356.7574, 516.7574, 365.2426, 525.2426, 0
VID193_A2_1_02d00h00m.tif, 883.7574, 515.7574, 892.2426, 524.2426, 0
VID193_A2_1_02d00h00m.tif, 24.7574, 514.7574, 33.2426, 523.2426, 0
VID193_A2_1_02d00h00m.tif, 779.7574, 511.7574, 788.2426, 520.2426, 0
VID193_A2_1_02d00h00m.tif, 1164.3431, 509.3431, 1175.6569, 520.6569, 0
VID193_A2_1_02d00h00m.tif, 1089.7574, 510.7574, 1098.2426, 519.2426, 0
VID193_A2_1_02d00h00m.tif, 488.3431, 509.3431, 499.6569, 520.6569, 0
VID193_A2_1_02d00h00m.tif, 1124.7574, 509.7574, 1133.2426, 518.2426, 0
VID193_A2_1_02d00h00m.tif, 904.7574, 509.7574, 913.2426, 518.2426, 0
VID193_A2_1_02d00h00m.tif, 522.3431, 508.3431, 533.6569, 519.6569, 0
VID193_A2_1_02d00h00m.tif, 1319.7574, 507.7574, 1328.2426, 516.2426, 0
VID193_A2_1_02d00h00m.tif, 1290.3431, 506.3431, 1301.6569, 517.6569, 0
VID193_A2_1_02d00h00m.tif, 1268.7574, 507.7574, 1277.2426, 516.2426, 0
VID193_A2_1_02d00h00m.tif, 621.9289, 504.9289, 636.0711, 519.0711, 0
VID193_A2_1_02d00h00m.tif, 565.3431, 506.3431, 576.6569, 517.6569, 0
VID193_A2_1_02d00h00m.tif, 820.3431, 505.3431, 831.6569, 516.6569, 0
VID193_A2_1_02d00h00m.tif, 170.7574, 506.7574, 179.2426, 515.2426, 0
VID193_A2_1_02d00h00m.tif, 266.5147, 500.5147, 283.4853, 517.4853, 0
VID193_A2_1_02d00h00m.tif, 42.3431, 503.3431, 53.6569, 514.6569, 0
VID193_A2_1_02d00h00m.tif, 416.9289, 498.9289, 431.0711, 513.0711, 0
VID193_A2_1_02d00h00m.tif, 23.7574, 501.7574, 32.2426, 510.2426, 0
VID193_A2_1_02d00h00m.tif, 453.3431, 497.3431, 464.6569, 508.6569, 0
VID193_A2_1_02d00h00m.tif, 391.3431, 497.3431, 402.6569, 508.6569, 0
VID193_A2_1_02d00h00m.tif, 719.7574, 497.7574, 728.2426, 506.2426, 0
VID193_A2_1_02d00h00m.tif, 466.3431, 495.3431, 477.6569, 506.6569, 0
VID193_A2_1_02d00h00m.tif, 518.7574, 495.7574, 527.2426, 504.2426, 0
VID193_A2_1_02d00h00m.tif, 913.3431, 493.3431, 924.6569, 504.6569, 0
VID193_A2_1_02d00h00m.tif, 582.7574, 494.7574, 591.2426, 503.2426, 0
VID193_A2_1_02d00h00m.tif, 1065.3431, 490.3431, 1076.6569, 501.6569, 0
VID193_A2_1_02d00h00m.tif, 1288.7574, 490.7574, 1297.2426, 499.2426, 0
VID193_A2_1_02d00h00m.tif, 1248.3431, 489.3431, 1259.6569, 500.6569, 0
VID193_A2_1_02d00h00m.tif, 768.7574, 490.7574, 777.2426, 499.2426, 0
VID193_A2_1_02d00h00m.tif, 875.3431, 485.3431, 886.6569, 496.6569, 0
VID193_A2_1_02d00h00m.tif, 599.3431, 485.3431, 610.6569, 496.6569, 0
VID193_A2_1_02d00h00m.tif, 277.3431, 484.3431, 288.6569, 495.6569, 0
VID193_A2_1_02d00h00m.tif, 144.3431, 484.3431, 155.6569, 495.6569, 0
VID193_A2_1_02d00h00m.tif, 103.7574, 485.7574, 112.2426, 494.2426, 0
VID193_A2_1_02d00h00m.tif, 1308.9289, 481.9289, 1323.0711, 496.0711, 0
VID193_A2_1_02d00h00m.tif, 113.9289, 479.9289, 128.0711, 494.0711, 0
VID193_A2_1_02d00h00m.tif, 745.3431, 480.3431, 756.6569, 491.6569, 0
VID193_A2_1_02d00h00m.tif, 427.3431, 480.3431, 438.6569, 491.6569, 0
VID193_A2_1_02d00h00m.tif, 396.7574, 481.7574, 405.2426, 490.2426, 0
VID193_A2_1_02d00h00m.tif, 1187.7574, 480.7574, 1196.2426, 489.2426, 0
VID193_A2_1_02d00h00m.tif, 1172.7574, 479.7574, 1181.2426, 488.2426, 0
VID193_A2_1_02d00h00m.tif, 1115.3431, 477.3431, 1126.6569, 488.6569, 0
VID193_A2_1_02d00h00m.tif, 514.7574, 477.7574, 523.2426, 486.2426, 0
VID193_A2_1_02d00h00m.tif, 938.3431, 475.3431, 949.6569, 486.6569, 0
VID193_A2_1_02d00h00m.tif, 1210.7574, 475.7574, 1219.2426, 484.2426, 0
VID193_A2_1_02d00h00m.tif, 1139.7574, 474.7574, 1148.2426, 483.2426, 0
VID193_A2_1_02d00h00m.tif, 106.7574, 473.7574, 115.2426, 482.2426, 0
VID193_A2_1_02d00h00m.tif, 44.7574, 473.7574, 53.2426, 482.2426, 0
VID193_A2_1_02d00h00m.tif, 971.7574, 472.7574, 980.2426, 481.2426, 0
VID193_A2_1_02d00h00m.tif, 1.7574, 472.7574, 10.2426, 481.2426, 0
VID193_A2_1_02d00h00m.tif, 93.7574, 471.7574, 102.2426, 480.2426, 0
VID193_A2_1_02d00h00m.tif, 1271.3431, 469.3431, 1282.6569, 480.6569, 0
VID193_A2_1_02d00h00m.tif, 477.7574, 470.7574, 486.2426, 479.2426, 0
VID193_A2_1_02d00h00m.tif, 1319.7574, 468.7574, 1328.2426, 477.2426, 0
VID193_A2_1_02d00h00m.tif, 187.3431, 467.3431, 198.6569, 478.6569, 0
VID193_A2_1_02d00h00m.tif, 227.3431, 464.3431, 238.6569, 475.6569, 0
VID193_A2_1_02d00h00m.tif, 609.3431, 463.3431, 620.6569, 474.6569, 0
VID193_A2_1_02d00h00m.tif, 343.7574, 464.7574, 352.2426, 473.2426, 0
VID193_A2_1_02d00h00m.tif, 1163.3431, 462.3431, 1174.6569, 473.6569, 0
VID193_A2_1_02d00h00m.tif, 1045.7574, 463.7574, 1054.2426, 472.2426, 0
VID193_A2_1_02d00h00m.tif, 995.7574, 463.7574, 1004.2426, 472.2426, 0
VID193_A2_1_02d00h00m.tif, 1189.3431, 461.3431, 1200.6569, 472.6569, 0
VID193_A2_1_02d00h00m.tif, 1206.7574, 461.7574, 1215.2426, 470.2426, 0
VID193_A2_1_02d00h00m.tif, 124.7574, 461.7574, 133.2426, 470.2426, 0
VID193_A2_1_02d00h00m.tif, 803.3431, 459.3431, 814.6569, 470.6569, 0
VID193_A2_1_02d00h00m.tif, 42.7574, 460.7574, 51.2426, 469.2426, 0
VID193_A2_1_02d00h00m.tif, 1104.9289, 456.9289, 1119.0711, 471.0711, 0
VID193_A2_1_02d00h00m.tif, 1078.3431, 458.3431, 1089.6569, 469.6569, 0
VID193_A2_1_02d00h00m.tif, 736.7574, 459.7574, 745.2426, 468.2426, 0
VID193_A2_1_02d00h00m.tif, 1370.3431, 457.3431, 1381.6569, 468.6569, 0
VID193_A2_1_02d00h00m.tif, 846.7574, 458.7574, 855.2426, 467.2426, 0
VID193_A2_1_02d00h00m.tif, 69.7574, 458.7574, 78.2426, 467.2426, 0
VID193_A2_1_02d00h00m.tif, 57.7574, 458.7574, 66.2426, 467.2426, 0
VID193_A2_1_02d00h00m.tif, 980.3431, 455.3431, 991.6569, 466.6569, 0
VID193_A2_1_02d00h00m.tif, 1327.7574, 455.7574, 1336.2426, 464.2426, 0
VID193_A2_1_02d00h00m.tif, 529.7574, 455.7574, 538.2426, 464.2426, 0
VID193_A2_1_02d00h00m.tif, 516.7574, 453.7574, 525.2426, 462.2426, 0
VID193_A2_1_02d00h00m.tif, 629.7574, 450.7574, 638.2426, 459.2426, 0
VID193_A2_1_02d00h00m.tif, 1358.7574, 449.7574, 1367.2426, 458.2426, 0
VID193_A2_1_02d00h00m.tif, 1166.3431, 448.3431, 1177.6569, 459.6569, 0
VID193_A2_1_02d00h00m.tif, 115.3431, 448.3431, 126.6569, 459.6569, 0
VID193_A2_1_02d00h00m.tif, 1037.7574, 448.7574, 1046.2426, 457.2426, 0
VID193_A2_1_02d00h00m.tif, 168.7574, 448.7574, 177.2426, 457.2426, 0
VID193_A2_1_02d00h00m.tif, 994.7574, 447.7574, 1003.2426, 456.2426, 0
VID193_A2_1_02d00h00m.tif, 1019.3431, 442.3431, 1030.6569, 453.6569, 0
VID193_A2_1_02d00h00m.tif, 618.7574, 443.7574, 627.2426, 452.2426, 0
VID193_A2_1_02d00h00m.tif, 521.7574, 443.7574, 530.2426, 452.2426, 0
VID193_A2_1_02d00h00m.tif, 891.3431, 441.3431, 902.6569, 452.6569, 0
VID193_A2_1_02d00h00m.tif, 462.7574, 442.7574, 471.2426, 451.2426, 0
VID193_A2_1_02d00h00m.tif, 795.7574, 441.7574, 804.2426, 450.2426, 0
VID193_A2_1_02d00h00m.tif, 1218.3431, 438.3431, 1229.6569, 449.6569, 0
VID193_A2_1_02d00h00m.tif, 1195.7574, 439.7574, 1204.2426, 448.2426, 0
VID193_A2_1_02d00h00m.tif, 968.3431, 438.3431, 979.6569, 449.6569, 0
VID193_A2_1_02d00h00m.tif, 596.7574, 439.7574, 605.2426, 448.2426, 0
VID193_A2_1_02d00h00m.tif, 692.3431, 436.3431, 703.6569, 447.6569, 0
VID193_A2_1_02d00h00m.tif, 918.3431, 435.3431, 929.6569, 446.6569, 0
VID193_A2_1_02d00h00m.tif, 179.9289, 432.9289, 194.0711, 447.0711, 0
VID193_A2_1_02d00h00m.tif, 324.3431, 433.3431, 335.6569, 444.6569, 0
VID193_A2_1_02d00h00m.tif, 1177.7574, 433.7574, 1186.2426, 442.2426, 0
VID193_A2_1_02d00h00m.tif, 362.7574, 432.7574, 371.2426, 441.2426, 0
VID193_A2_1_02d00h00m.tif, 276.3431, 428.3431, 287.6569, 439.6569, 0
VID193_A2_1_02d00h00m.tif, 206.5147, 425.5147, 223.4853, 442.4853, 0
VID193_A2_1_02d00h00m.tif, 1397.7574, 428.7574, 1406.2426, 437.2426, 0
VID193_A2_1_02d00h00m.tif, 1027.7574, 428.7574, 1036.2426, 437.2426, 0
VID193_A2_1_02d00h00m.tif, 987.3431, 425.3431, 998.6569, 436.6569, 0
VID193_A2_1_02d00h00m.tif, 1337.9289, 420.9289, 1352.0711, 435.0711, 0
VID193_A2_1_02d00h00m.tif, 1112.3431, 422.3431, 1123.6569, 433.6569, 0
VID193_A2_1_02d00h00m.tif, 1059.7574, 423.7574, 1068.2426, 432.2426, 0
VID193_A2_1_02d00h00m.tif, 927.3431, 422.3431, 938.6569, 433.6569, 0
VID193_A2_1_02d00h00m.tif, 878.7574, 423.7574, 887.2426, 432.2426, 0
VID193_A2_1_02d00h00m.tif, 679.3431, 422.3431, 690.6569, 433.6569, 0
VID193_A2_1_02d00h00m.tif, 531.3431, 422.3431, 542.6569, 433.6569, 0
VID193_A2_1_02d00h00m.tif, 1185.7574, 421.7574, 1194.2426, 430.2426, 0
VID193_A2_1_02d00h00m.tif, 757.7574, 421.7574, 766.2426, 430.2426, 0
VID193_A2_1_02d00h00m.tif, 614.3431, 419.3431, 625.6569, 430.6569, 0
VID193_A2_1_02d00h00m.tif, 837.7574, 419.7574, 846.2426, 428.2426, 0
VID193_A2_1_02d00h00m.tif, 1272.3431, 416.3431, 1283.6569, 427.6569, 0
VID193_A2_1_02d00h00m.tif, 890.7574, 417.7574, 899.2426, 426.2426, 0
VID193_A2_1_02d00h00m.tif, 737.3431, 416.3431, 748.6569, 427.6569, 0
VID193_A2_1_02d00h00m.tif, 168.3431, 416.3431, 179.6569, 427.6569, 0
VID193_A2_1_02d00h00m.tif, 768.3431, 415.3431, 779.6569, 426.6569, 0
VID193_A2_1_02d00h00m.tif, 1022.3431, 414.3431, 1033.6569, 425.6569, 0
VID193_A2_1_02d00h00m.tif, 1001.7574, 415.7574, 1010.2426, 424.2426, 0
VID193_A2_1_02d00h00m.tif, 826.7574, 414.7574, 835.2426, 423.2426, 0
VID193_A2_1_02d00h00m.tif, 690.3431, 413.3431, 701.6569, 424.6569, 0
VID193_A2_1_02d00h00m.tif, 189.7574, 413.7574, 198.2426, 422.2426, 0
VID193_A2_1_02d00h00m.tif, 140.3431, 411.3431, 151.6569, 422.6569, 0
VID193_A2_1_02d00h00m.tif, 661.3431, 409.3431, 672.6569, 420.6569, 0
VID193_A2_1_02d00h00m.tif, 858.3431, 407.3431, 869.6569, 418.6569, 0
VID193_A2_1_02d00h00m.tif, 546.7574, 408.7574, 555.2426, 417.2426, 0
VID193_A2_1_02d00h00m.tif, 38.9289, 403.9289, 53.0711, 418.0711, 0
VID193_A2_1_02d00h00m.tif, 26.7574, 405.7574, 35.2426, 414.2426, 0
VID193_A2_1_02d00h00m.tif, 334.9289, 401.9289, 349.0711, 416.0711, 0
VID193_A2_1_02d00h00m.tif, 121.3431, 403.3431, 132.6569, 414.6569, 0
VID193_A2_1_02d00h00m.tif, 804.7574, 403.7574, 813.2426, 412.2426, 0
VID193_A2_1_02d00h00m.tif, 601.3431, 402.3431, 612.6569, 413.6569, 0
VID193_A2_1_02d00h00m.tif, 403.3431, 402.3431, 414.6569, 413.6569, 0
VID193_A2_1_02d00h00m.tif, 159.3431, 402.3431, 170.6569, 413.6569, 0
VID193_A2_1_02d00h00m.tif, 1191.7574, 402.7574, 1200.2426, 411.2426, 0
VID193_A2_1_02d00h00m.tif, 1319.7574, 400.7574, 1328.2426, 409.2426, 0
VID193_A2_1_02d00h00m.tif, 1167.7574, 400.7574, 1176.2426, 409.2426, 0
VID193_A2_1_02d00h00m.tif, 1255.7574, 398.7574, 1264.2426, 407.2426, 0
VID193_A2_1_02d00h00m.tif, 704.5147, 394.5147, 721.4853, 411.4853, 0
VID193_A2_1_02d00h00m.tif, 901.3431, 396.3431, 912.6569, 407.6569, 0
VID193_A2_1_02d00h00m.tif, 627.5147, 393.5147, 644.4853, 410.4853, 0
VID193_A2_1_02d00h00m.tif, 124.3431, 394.3431, 135.6569, 405.6569, 0
VID193_A2_1_02d00h00m.tif, 611.3431, 391.3431, 622.6569, 402.6569, 0
VID193_A2_1_02d00h00m.tif, 1309.7574, 391.7574, 1318.2426, 400.2426, 0
VID193_A2_1_02d00h00m.tif, 24.3431, 390.3431, 35.6569, 401.6569, 0
VID193_A2_1_02d00h00m.tif, 1376.7574, 390.7574, 1385.2426, 399.2426, 0
VID193_A2_1_02d00h00m.tif, 357.9289, 387.9289, 372.0711, 402.0711, 0
VID193_A2_1_02d00h00m.tif, 214.9289, 386.9289, 229.0711, 401.0711, 0
VID193_A2_1_02d00h00m.tif, 910.3431, 387.3431, 921.6569, 398.6569, 0
VID193_A2_1_02d00h00m.tif, 554.7574, 388.7574, 563.2426, 397.2426, 0
VID193_A2_1_02d00h00m.tif, 47.9289, 385.9289, 62.0711, 400.0711, 0
VID193_A2_1_02d00h00m.tif, 946.3431, 386.3431, 957.6569, 397.6569, 0
VID193_A2_1_02d00h00m.tif, 1285.7574, 386.7574, 1294.2426, 395.2426, 0
VID193_A2_1_02d00h00m.tif, 1062.7574, 383.7574, 1071.2426, 392.2426, 0
VID193_A2_1_02d00h00m.tif, 654.7574, 382.7574, 663.2426, 391.2426, 0
VID193_A2_1_02d00h00m.tif, 268.7574, 382.7574, 277.2426, 391.2426, 0
VID193_A2_1_02d00h00m.tif, 1299.7574, 380.7574, 1308.2426, 389.2426, 0
VID193_A2_1_02d00h00m.tif, 1098.7574, 379.7574, 1107.2426, 388.2426, 0
VID193_A2_1_02d00h00m.tif, 957.7574, 379.7574, 966.2426, 388.2426, 0
VID193_A2_1_02d00h00m.tif, 336.3431, 378.3431, 347.6569, 389.6569, 0
VID193_A2_1_02d00h00m.tif, 134.3431, 378.3431, 145.6569, 389.6569, 0
VID193_A2_1_02d00h00m.tif, 415.3431, 377.3431, 426.6569, 388.6569, 0
VID193_A2_1_02d00h00m.tif, 373.3431, 377.3431, 384.6569, 388.6569, 0
VID193_A2_1_02d00h00m.tif, 1375.9289, 374.9289, 1390.0711, 389.0711, 0
VID193_A2_1_02d00h00m.tif, 811.3431, 374.3431, 822.6569, 385.6569, 0
VID193_A2_1_02d00h00m.tif, 662.3431, 372.3431, 673.6569, 383.6569, 0
VID193_A2_1_02d00h00m.tif, 1086.7574, 371.7574, 1095.2426, 380.2426, 0
VID193_A2_1_02d00h00m.tif, 355.9289, 368.9289, 370.0711, 383.0711, 0
VID193_A2_1_02d00h00m.tif, 652.7574, 370.7574, 661.2426, 379.2426, 0
VID193_A2_1_02d00h00m.tif, 220.7574, 370.7574, 229.2426, 379.2426, 0
VID193_A2_1_02d00h00m.tif, 989.7574, 369.7574, 998.2426, 378.2426, 0
VID193_A2_1_02d00h00m.tif, 1395.7574, 368.7574, 1404.2426, 377.2426, 0
VID193_A2_1_02d00h00m.tif, 1296.7574, 368.7574, 1305.2426, 377.2426, 0
VID193_A2_1_02d00h00m.tif, 919.7574, 367.7574, 928.2426, 376.2426, 0
VID193_A2_1_02d00h00m.tif, 1336.9289, 360.9289, 1351.0711, 375.0711, 0
VID193_A2_1_02d00h00m.tif, 792.9289, 359.9289, 807.0711, 374.0711, 0
VID193_A2_1_02d00h00m.tif, 633.3431, 361.3431, 644.6569, 372.6569, 0
VID193_A2_1_02d00h00m.tif, 189.9289, 359.9289, 204.0711, 374.0711, 0
VID193_A2_1_02d00h00m.tif, 782.7574, 358.7574, 791.2426, 367.2426, 0
VID193_A2_1_02d00h00m.tif, 207.7574, 358.7574, 216.2426, 367.2426, 0
VID193_A2_1_02d00h00m.tif, 577.3431, 355.3431, 588.6569, 366.6569, 0
VID193_A2_1_02d00h00m.tif, 221.7574, 356.7574, 230.2426, 365.2426, 0
VID193_A2_1_02d00h00m.tif, 645.7574, 355.7574, 654.2426, 364.2426, 0
VID193_A2_1_02d00h00m.tif, 414.3431, 354.3431, 425.6569, 365.6569, 0
VID193_A2_1_02d00h00m.tif, 306.7574, 354.7574, 315.2426, 363.2426, 0
VID193_A2_1_02d00h00m.tif, 182.7574, 354.7574, 191.2426, 363.2426, 0
VID193_A2_1_02d00h00m.tif, 168.7574, 354.7574, 177.2426, 363.2426, 0
VID193_A2_1_02d00h00m.tif, 132.3431, 353.3431, 143.6569, 364.6569, 0
VID193_A2_1_02d00h00m.tif, 819.7574, 351.7574, 828.2426, 360.2426, 0
VID193_A2_1_02d00h00m.tif, 1003.7574, 350.7574, 1012.2426, 359.2426, 0
VID193_A2_1_02d00h00m.tif, 686.3431, 349.3431, 697.6569, 360.6569, 0
VID193_A2_1_02d00h00m.tif, 463.3431, 348.3431, 474.6569, 359.6569, 0
VID193_A2_1_02d00h00m.tif, 1329.7574, 348.7574, 1338.2426, 357.2426, 0
VID193_A2_1_02d00h00m.tif, 98.9289, 345.9289, 113.0711, 360.0711, 0
VID193_A2_1_02d00h00m.tif, 158.5147, 342.5147, 175.4853, 359.4853, 0
VID193_A2_1_02d00h00m.tif, 953.7574, 345.7574, 962.2426, 354.2426, 0
VID193_A2_1_02d00h00m.tif, 773.3431, 343.3431, 784.6569, 354.6569, 0
VID193_A2_1_02d00h00m.tif, 995.7574, 343.7574, 1004.2426, 352.2426, 0
VID193_A2_1_02d00h00m.tif, 176.7574, 343.7574, 185.2426, 352.2426, 0
VID193_A2_1_02d00h00m.tif, 646.7574, 342.7574, 655.2426, 351.2426, 0
VID193_A2_1_02d00h00m.tif, 1196.7574, 341.7574, 1205.2426, 350.2426, 0
VID193_A2_1_02d00h00m.tif, 843.3431, 340.3431, 854.6569, 351.6569, 0
VID193_A2_1_02d00h00m.tif, 1180.7574, 339.7574, 1189.2426, 348.2426, 0
VID193_A2_1_02d00h00m.tif, 899.3431, 338.3431, 910.6569, 349.6569, 0
VID193_A2_1_02d00h00m.tif, 323.9289, 336.9289, 338.0711, 351.0711, 0
VID193_A2_1_02d00h00m.tif, 231.7574, 339.7574, 240.2426, 348.2426, 0
VID193_A2_1_02d00h00m.tif, 485.3431, 337.3431, 496.6569, 348.6569, 0
VID193_A2_1_02d00h00m.tif, 422.3431, 337.3431, 433.6569, 348.6569, 0
VID193_A2_1_02d00h00m.tif, 50.7574, 338.7574, 59.2426, 347.2426, 0
VID193_A2_1_02d00h00m.tif, 700.3431, 336.3431, 711.6569, 347.6569, 0
VID193_A2_1_02d00h00m.tif, 960.7574, 336.7574, 969.2426, 345.2426, 0
VID193_A2_1_02d00h00m.tif, 982.3431, 334.3431, 993.6569, 345.6569, 0
VID193_A2_1_02d00h00m.tif, 735.7574, 334.7574, 744.2426, 343.2426, 0
VID193_A2_1_02d00h00m.tif, 452.3431, 333.3431, 463.6569, 344.6569, 0
VID193_A2_1_02d00h00m.tif, 1295.7574, 333.7574, 1304.2426, 342.2426, 0
VID193_A2_1_02d00h00m.tif, 1173.3431, 332.3431, 1184.6569, 343.6569, 0
VID193_A2_1_02d00h00m.tif, 468.7574, 332.7574, 477.2426, 341.2426, 0
VID193_A2_1_02d00h00m.tif, 945.7574, 331.7574, 954.2426, 340.2426, 0
VID193_A2_1_02d00h00m.tif, 575.7574, 330.7574, 584.2426, 339.2426, 0
VID193_A2_1_02d00h00m.tif, 499.9289, 326.9289, 514.0711, 341.0711, 0
VID193_A2_1_02d00h00m.tif, 285.9289, 326.9289, 300.0711, 341.0711, 0
VID193_A2_1_02d00h00m.tif, 721.7574, 328.7574, 730.2426, 337.2426, 0
VID193_A2_1_02d00h00m.tif, 59.7574, 328.7574, 68.2426, 337.2426, 0
VID193_A2_1_02d00h00m.tif, 623.5147, 323.5147, 640.4853, 340.4853, 0
VID193_A2_1_02d00h00m.tif, 990.7574, 325.7574, 999.2426, 334.2426, 0
VID193_A2_1_02d00h00m.tif, 1271.3431, 323.3431, 1282.6569, 334.6569, 0
VID193_A2_1_02d00h00m.tif, 41.3431, 323.3431, 52.6569, 334.6569, 0
VID193_A2_1_02d00h00m.tif, 1320.9289, 319.9289, 1335.0711, 334.0711, 0
VID193_A2_1_02d00h00m.tif, 1051.9289, 319.9289, 1066.0711, 334.0711, 0
VID193_A2_1_02d00h00m.tif, 1009.3431, 321.3431, 1020.6569, 332.6569, 0
VID193_A2_1_02d00h00m.tif, 830.7574, 322.7574, 839.2426, 331.2426, 0
VID193_A2_1_02d00h00m.tif, 218.3431, 321.3431, 229.6569, 332.6569, 0
VID193_A2_1_02d00h00m.tif, 236.3431, 320.3431, 247.6569, 331.6569, 0
VID193_A2_1_02d00h00m.tif, 118.7574, 320.7574, 127.2426, 329.2426, 0
VID193_A2_1_02d00h00m.tif, 372.9289, 316.9289, 387.0711, 331.0711, 0
VID193_A2_1_02d00h00m.tif, 160.7574, 319.7574, 169.2426, 328.2426, 0
VID193_A2_1_02d00h00m.tif, 73.7574, 319.7574, 82.2426, 328.2426, 0
VID193_A2_1_02d00h00m.tif, 748.7574, 318.7574, 757.2426, 327.2426, 0
VID193_A2_1_02d00h00m.tif, 522.9289, 315.9289, 537.0711, 330.0711, 0
VID193_A2_1_02d00h00m.tif, 1094.3431, 315.3431, 1105.6569, 326.6569, 0
VID193_A2_1_02d00h00m.tif, 934.3431, 315.3431, 945.6569, 326.6569, 0
VID193_A2_1_02d00h00m.tif, 532.7574, 316.7574, 541.2426, 325.2426, 0
VID193_A2_1_02d00h00m.tif, 818.3431, 314.3431, 829.6569, 325.6569, 0
VID193_A2_1_02d00h00m.tif, 461.9289, 312.9289, 476.0711, 327.0711, 0
VID193_A2_1_02d00h00m.tif, 129.7574, 315.7574, 138.2426, 324.2426, 0
VID193_A2_1_02d00h00m.tif, 712.9289, 311.9289, 727.0711, 326.0711, 0
VID193_A2_1_02d00h00m.tif, 50.7574, 314.7574, 59.2426, 323.2426, 0
VID193_A2_1_02d00h00m.tif, 188.7574, 312.7574, 197.2426, 321.2426, 0
VID193_A2_1_02d00h00m.tif, 63.7574, 312.7574, 72.2426, 321.2426, 0
VID193_A2_1_02d00h00m.tif, 1335.3431, 310.3431, 1346.6569, 321.6569, 0
VID193_A2_1_02d00h00m.tif, 695.7574, 311.7574, 704.2426, 320.2426, 0
VID193_A2_1_02d00h00m.tif, 345.3431, 310.3431, 356.6569, 321.6569, 0
VID193_A2_1_02d00h00m.tif, 998.7574, 310.7574, 1007.2426, 319.2426, 0
VID193_A2_1_02d00h00m.tif, 733.7574, 310.7574, 742.2426, 319.2426, 0
VID193_A2_1_02d00h00m.tif, 1093.7574, 309.7574, 1102.2426, 318.2426, 0
VID193_A2_1_02d00h00m.tif, 1173.3431, 306.3431, 1184.6569, 317.6569, 0
VID193_A2_1_02d00h00m.tif, 208.3431, 306.3431, 219.6569, 317.6569, 0
VID193_A2_1_02d00h00m.tif, 495.7574, 305.7574, 504.2426, 314.2426, 0
VID193_A2_1_02d00h00m.tif, 479.3431, 303.3431, 490.6569, 314.6569, 0
VID193_A2_1_02d00h00m.tif, 928.3431, 302.3431, 939.6569, 313.6569, 0
VID193_A2_1_02d00h00m.tif, 760.3431, 301.3431, 771.6569, 312.6569, 0
VID193_A2_1_02d00h00m.tif, 300.3431, 301.3431, 311.6569, 312.6569, 0
VID193_A2_1_02d00h00m.tif, 560.7574, 301.7574, 569.2426, 310.2426, 0
VID193_A2_1_02d00h00m.tif, 391.3431, 300.3431, 402.6569, 311.6569, 0
VID193_A2_1_02d00h00m.tif, 821.7574, 300.7574, 830.2426, 309.2426, 0
VID193_A2_1_02d00h00m.tif, 187.7574, 300.7574, 196.2426, 309.2426, 0
VID193_A2_1_02d00h00m.tif, 1045.7574, 299.7574, 1054.2426, 308.2426, 0
VID193_A2_1_02d00h00m.tif, 601.3431, 295.3431, 612.6569, 306.6569, 0
VID193_A2_1_02d00h00m.tif, 1084.7574, 295.7574, 1093.2426, 304.2426, 0
VID193_A2_1_02d00h00m.tif, 890.7574, 294.7574, 899.2426, 303.2426, 0
VID193_A2_1_02d00h00m.tif, 435.3431, 293.3431, 446.6569, 304.6569, 0
VID193_A2_1_02d00h00m.tif, 381.7574, 294.7574, 390.2426, 303.2426, 0
VID193_A2_1_02d00h00m.tif, 362.3431, 293.3431, 373.6569, 304.6569, 0
VID193_A2_1_02d00h00m.tif, 7.7574, 293.7574, 16.2426, 302.2426, 0
VID193_A2_1_02d00h00m.tif, 1244.7574, 290.7574, 1253.2426, 299.2426, 0
VID193_A2_1_02d00h00m.tif, 863.3431, 289.3431, 874.6569, 300.6569, 0
VID193_A2_1_02d00h00m.tif, 250.3431, 286.3431, 261.6569, 297.6569, 0
VID193_A2_1_02d00h00m.tif, 1176.7574, 283.7574, 1185.2426, 292.2426, 0
VID193_A2_1_02d00h00m.tif, 1267.7574, 281.7574, 1276.2426, 290.2426, 0
VID193_A2_1_02d00h00m.tif, 662.3431, 280.3431, 673.6569, 291.6569, 0
VID193_A2_1_02d00h00m.tif, 408.9289, 278.9289, 423.0711, 293.0711, 0
VID193_A2_1_02d00h00m.tif, 372.3431, 280.3431, 383.6569, 291.6569, 0
VID193_A2_1_02d00h00m.tif, 551.7574, 279.7574, 560.2426, 288.2426, 0
VID193_A2_1_02d00h00m.tif, 199.5147, 275.5147, 216.4853, 292.4853, 0
VID193_A2_1_02d00h00m.tif, 1287.7574, 278.7574, 1296.2426, 287.2426, 0
VID193_A2_1_02d00h00m.tif, 940.7574, 278.7574, 949.2426, 287.2426, 0
VID193_A2_1_02d00h00m.tif, 725.7574, 278.7574, 734.2426, 287.2426, 0
VID193_A2_1_02d00h00m.tif, 795.7574, 277.7574, 804.2426, 286.2426, 0
VID193_A2_1_02d00h00m.tif, 233.7574, 277.7574, 242.2426, 286.2426, 0
VID193_A2_1_02d00h00m.tif, 971.7574, 276.7574, 980.2426, 285.2426, 0
VID193_A2_1_02d00h00m.tif, 1.7574, 276.7574, 10.2426, 285.2426, 0
VID193_A2_1_02d00h00m.tif, 500.3431, 274.3431, 511.6569, 285.6569, 0
VID193_A2_1_02d00h00m.tif, 925.7574, 274.7574, 934.2426, 283.2426, 0
VID193_A2_1_02d00h00m.tif, 1151.3431, 272.3431, 1162.6569, 283.6569, 0
VID193_A2_1_02d00h00m.tif, 564.7574, 272.7574, 573.2426, 281.2426, 0
VID193_A2_1_02d00h00m.tif, 90.7574, 271.7574, 99.2426, 280.2426, 0
VID193_A2_1_02d00h00m.tif, 1095.3431, 269.3431, 1106.6569, 280.6569, 0
VID193_A2_1_02d00h00m.tif, 247.7574, 270.7574, 256.2426, 279.2426, 0
VID193_A2_1_02d00h00m.tif, 1247.3431, 268.3431, 1258.6569, 279.6569, 0
VID193_A2_1_02d00h00m.tif, 437.9289, 266.9289, 452.0711, 281.0711, 0
VID193_A2_1_02d00h00m.tif, 551.7574, 268.7574, 560.2426, 277.2426, 0
VID193_A2_1_02d00h00m.tif, 745.7574, 267.7574, 754.2426, 276.2426, 0
VID193_A2_1_02d00h00m.tif, 358.7574, 267.7574, 367.2426, 276.2426, 0
VID193_A2_1_02d00h00m.tif, 453.7574, 266.7574, 462.2426, 275.2426, 0
VID193_A2_1_02d00h00m.tif, 1053.7574, 265.7574, 1062.2426, 274.2426, 0
VID193_A2_1_02d00h00m.tif, 933.3431, 264.3431, 944.6569, 275.6569, 0
VID193_A2_1_02d00h00m.tif, 839.3431, 264.3431, 850.6569, 275.6569, 0
VID193_A2_1_02d00h00m.tif, 690.5147, 261.5147, 707.4853, 278.4853, 0
VID193_A2_1_02d00h00m.tif, 658.7574, 265.7574, 667.2426, 274.2426, 0
VID193_A2_1_02d00h00m.tif, 1077.7574, 264.7574, 1086.2426, 273.2426, 0
VID193_A2_1_02d00h00m.tif, 867.7574, 262.7574, 876.2426, 271.2426, 0
VID193_A2_1_02d00h00m.tif, 194.3431, 261.3431, 205.6569, 272.6569, 0
VID193_A2_1_02d00h00m.tif, 1358.3431, 260.3431, 1369.6569, 271.6569, 0
VID193_A2_1_02d00h00m.tif, 724.3431, 260.3431, 735.6569, 271.6569, 0
VID193_A2_1_02d00h00m.tif, 508.3431, 260.3431, 519.6569, 271.6569, 0
VID193_A2_1_02d00h00m.tif, 152.3431, 260.3431, 163.6569, 271.6569, 0
VID193_A2_1_02d00h00m.tif, 1230.3431, 258.3431, 1241.6569, 269.6569, 0
VID193_A2_1_02d00h00m.tif, 797.7574, 259.7574, 806.2426, 268.2426, 0
VID193_A2_1_02d00h00m.tif, 62.7574, 259.7574, 71.2426, 268.2426, 0
VID193_A2_1_02d00h00m.tif, 429.7574, 258.7574, 438.2426, 267.2426, 0
VID193_A2_1_02d00h00m.tif, 1025.7574, 257.7574, 1034.2426, 266.2426, 0
VID193_A2_1_02d00h00m.tif, 1158.3431, 255.3431, 1169.6569, 266.6569, 0
VID193_A2_1_02d00h00m.tif, 1272.3431, 254.3431, 1283.6569, 265.6569, 0
VID193_A2_1_02d00h00m.tif, 1244.7574, 255.7574, 1253.2426, 264.2426, 0
VID193_A2_1_02d00h00m.tif, 593.3431, 254.3431, 604.6569, 265.6569, 0
VID193_A2_1_02d00h00m.tif, 878.7574, 254.7574, 887.2426, 263.2426, 0
VID193_A2_1_02d00h00m.tif, 787.7574, 254.7574, 796.2426, 263.2426, 0
VID193_A2_1_02d00h00m.tif, 750.7574, 253.7574, 759.2426, 262.2426, 0
VID193_A2_1_02d00h00m.tif, 122.3431, 252.3431, 133.6569, 263.6569, 0
VID193_A2_1_02d00h00m.tif, 1368.7574, 252.7574, 1377.2426, 261.2426, 0
VID193_A2_1_02d00h00m.tif, 1258.7574, 252.7574, 1267.2426, 261.2426, 0
VID193_A2_1_02d00h00m.tif, 498.3431, 251.3431, 509.6569, 262.6569, 0
VID193_A2_1_02d00h00m.tif, 355.3431, 251.3431, 366.6569, 262.6569, 0
VID193_A2_1_02d00h00m.tif, 1315.7574, 251.7574, 1324.2426, 260.2426, 0
VID193_A2_1_02d00h00m.tif, 1215.3431, 249.3431, 1226.6569, 260.6569, 0
VID193_A2_1_02d00h00m.tif, 565.7574, 248.7574, 574.2426, 257.2426, 0
VID193_A2_1_02d00h00m.tif, 1394.7574, 247.7574, 1403.2426, 256.2426, 0
VID193_A2_1_02d00h00m.tif, 350.7574, 245.7574, 359.2426, 254.2426, 0
VID193_A2_1_02d00h00m.tif, 1336.3431, 243.3431, 1347.6569, 254.6569, 0
VID193_A2_1_02d00h00m.tif, 1236.7574, 244.7574, 1245.2426, 253.2426, 0
VID193_A2_1_02d00h00m.tif, 993.7574, 243.7574, 1002.2426, 252.2426, 0
VID193_A2_1_02d00h00m.tif, 1129.7574, 242.7574, 1138.2426, 251.2426, 0
VID193_A2_1_02d00h00m.tif, 1373.7574, 241.7574, 1382.2426, 250.2426, 0
VID193_A2_1_02d00h00m.tif, 1187.3431, 238.3431, 1198.6569, 249.6569, 0
VID193_A2_1_02d00h00m.tif, 1055.7574, 239.7574, 1064.2426, 248.2426, 0
VID193_A2_1_02d00h00m.tif, 911.3431, 238.3431, 922.6569, 249.6569, 0
VID193_A2_1_02d00h00m.tif, 703.7574, 238.7574, 712.2426, 247.2426, 0
VID193_A2_1_02d00h00m.tif, 1005.7574, 236.7574, 1014.2426, 245.2426, 0
VID193_A2_1_02d00h00m.tif, 588.3431, 235.3431, 599.6569, 246.6569, 0
VID193_A2_1_02d00h00m.tif, 803.3431, 234.3431, 814.6569, 245.6569, 0
VID193_A2_1_02d00h00m.tif, 120.7574, 235.7574, 129.2426, 244.2426, 0
VID193_A2_1_02d00h00m.tif, 1023.7574, 234.7574, 1032.2426, 243.2426, 0
VID193_A2_1_02d00h00m.tif, 1242.9289, 230.9289, 1257.0711, 245.0711, 0
VID193_A2_1_02d00h00m.tif, 1392.7574, 232.7574, 1401.2426, 241.2426, 0
VID193_A2_1_02d00h00m.tif, 440.3431, 230.3431, 451.6569, 241.6569, 0
VID193_A2_1_02d00h00m.tif, 883.7574, 230.7574, 892.2426, 239.2426, 0
VID193_A2_1_02d00h00m.tif, 363.7574, 230.7574, 372.2426, 239.2426, 0
VID193_A2_1_02d00h00m.tif, 263.3431, 227.3431, 274.6569, 238.6569, 0
VID193_A2_1_02d00h00m.tif, 722.7574, 227.7574, 731.2426, 236.2426, 0
VID193_A2_1_02d00h00m.tif, 510.9289, 223.9289, 525.0711, 238.0711, 0
VID193_A2_1_02d00h00m.tif, 913.3431, 224.3431, 924.6569, 235.6569, 0
VID193_A2_1_02d00h00m.tif, 165.9289, 222.9289, 180.0711, 237.0711, 0
VID193_A2_1_02d00h00m.tif, 113.7574, 225.7574, 122.2426, 234.2426, 0
VID193_A2_1_02d00h00m.tif, 1338.7574, 224.7574, 1347.2426, 233.2426, 0
VID193_A2_1_02d00h00m.tif, 1299.7574, 223.7574, 1308.2426, 232.2426, 0
VID193_A2_1_02d00h00m.tif, 1001.7574, 223.7574, 1010.2426, 232.2426, 0
VID193_A2_1_02d00h00m.tif, 856.7574, 223.7574, 865.2426, 232.2426, 0
VID193_A2_1_02d00h00m.tif, 553.3431, 222.3431, 564.6569, 233.6569, 0
VID193_A2_1_02d00h00m.tif, 1326.7574, 222.7574, 1335.2426, 231.2426, 0
VID193_A2_1_02d00h00m.tif, 978.1005, 217.1005, 997.8995, 236.8995, 0
VID193_A2_1_02d00h00m.tif, 962.3431, 221.3431, 973.6569, 232.6569, 0
VID193_A2_1_02d00h00m.tif, 344.7574, 222.7574, 353.2426, 231.2426, 0
VID193_A2_1_02d00h00m.tif, 1312.7574, 221.7574, 1321.2426, 230.2426, 0
VID193_A2_1_02d00h00m.tif, 45.5147, 217.5147, 62.4853, 234.4853, 0
VID193_A2_1_02d00h00m.tif, 1220.7574, 220.7574, 1229.2426, 229.2426, 0
VID193_A2_1_02d00h00m.tif, 1364.3431, 216.3431, 1375.6569, 227.6569, 0
VID193_A2_1_02d00h00m.tif, 1011.7574, 217.7574, 1020.2426, 226.2426, 0
VID193_A2_1_02d00h00m.tif, 810.7574, 217.7574, 819.2426, 226.2426, 0
VID193_A2_1_02d00h00m.tif, 434.7574, 217.7574, 443.2426, 226.2426, 0
VID193_A2_1_02d00h00m.tif, 566.7574, 216.7574, 575.2426, 225.2426, 0
VID193_A2_1_02d00h00m.tif, 370.9289, 213.9289, 385.0711, 228.0711, 0
VID193_A2_1_02d00h00m.tif, 717.7574, 214.7574, 726.2426, 223.2426, 0
VID193_A2_1_02d00h00m.tif, 859.7574, 212.7574, 868.2426, 221.2426, 0
VID193_A2_1_02d00h00m.tif, 665.7574, 212.7574, 674.2426, 221.2426, 0
VID193_A2_1_02d00h00m.tif, 1354.7574, 210.7574, 1363.2426, 219.2426, 0
VID193_A2_1_02d00h00m.tif, 845.7574, 210.7574, 854.2426, 219.2426, 0
VID193_A2_1_02d00h00m.tif, 126.7574, 210.7574, 135.2426, 219.2426, 0
VID193_A2_1_02d00h00m.tif, 1015.3431, 207.3431, 1026.6569, 218.6569, 0
VID193_A2_1_02d00h00m.tif, 1384.7574, 206.7574, 1393.2426, 215.2426, 0
VID193_A2_1_02d00h00m.tif, 1131.7574, 206.7574, 1140.2426, 215.2426, 0
VID193_A2_1_02d00h00m.tif, 573.5147, 202.5147, 590.4853, 219.4853, 0
VID193_A2_1_02d00h00m.tif, 563.1005, 201.1005, 582.8995, 220.8995, 0
VID193_A2_1_02d00h00m.tif, 1215.3431, 203.3431, 1226.6569, 214.6569, 0
VID193_A2_1_02d00h00m.tif, 368.7574, 204.7574, 377.2426, 213.2426, 0
VID193_A2_1_02d00h00m.tif, 1180.7574, 203.7574, 1189.2426, 212.2426, 0
VID193_A2_1_02d00h00m.tif, 1150.3431, 201.3431, 1161.6569, 212.6569, 0
VID193_A2_1_02d00h00m.tif, 394.1005, 197.1005, 413.8995, 216.8995, 0
VID193_A2_1_02d00h00m.tif, 1162.7574, 201.7574, 1171.2426, 210.2426, 0
VID193_A2_1_02d00h00m.tif, 1336.7574, 199.7574, 1345.2426, 208.2426, 0
VID193_A2_1_02d00h00m.tif, 985.3431, 197.3431, 996.6569, 208.6569, 0
VID193_A2_1_02d00h00m.tif, 1255.3431, 196.3431, 1266.6569, 207.6569, 0
VID193_A2_1_02d00h00m.tif, 621.7574, 197.7574, 630.2426, 206.2426, 0
VID193_A2_1_02d00h00m.tif, 1373.3431, 195.3431, 1384.6569, 206.6569, 0
VID193_A2_1_02d00h00m.tif, 1062.7574, 196.7574, 1071.2426, 205.2426, 0
VID193_A2_1_02d00h00m.tif, 866.3431, 195.3431, 877.6569, 206.6569, 0
VID193_A2_1_02d00h00m.tif, 675.7574, 196.7574, 684.2426, 205.2426, 0
VID193_A2_1_02d00h00m.tif, 1186.7574, 194.7574, 1195.2426, 203.2426, 0
VID193_A2_1_02d00h00m.tif, 361.7574, 193.7574, 370.2426, 202.2426, 0
VID193_A2_1_02d00h00m.tif, 127.3431, 192.3431, 138.6569, 203.6569, 0
VID193_A2_1_02d00h00m.tif, 560.7574, 192.7574, 569.2426, 201.2426, 0
VID193_A2_1_02d00h00m.tif, 141.7574, 191.7574, 150.2426, 200.2426, 0
VID193_A2_1_02d00h00m.tif, 1011.7574, 190.7574, 1020.2426, 199.2426, 0
VID193_A2_1_02d00h00m.tif, 1364.7574, 189.7574, 1373.2426, 198.2426, 0
VID193_A2_1_02d00h00m.tif, 914.7574, 188.7574, 923.2426, 197.2426, 0
VID193_A2_1_02d00h00m.tif, 256.7574, 188.7574, 265.2426, 197.2426, 0
VID193_A2_1_02d00h00m.tif, 780.3431, 185.3431, 791.6569, 196.6569, 0
VID193_A2_1_02d00h00m.tif, 628.3431, 183.3431, 639.6569, 194.6569, 0
VID193_A2_1_02d00h00m.tif, 167.7574, 184.7574, 176.2426, 193.2426, 0
VID193_A2_1_02d00h00m.tif, 1082.3431, 180.3431, 1093.6569, 191.6569, 0
VID193_A2_1_02d00h00m.tif, 577.7574, 181.7574, 586.2426, 190.2426, 0
VID193_A2_1_02d00h00m.tif, 1039.3431, 178.3431, 1050.6569, 189.6569, 0
VID193_A2_1_02d00h00m.tif, 1057.7574, 178.7574, 1066.2426, 187.2426, 0
VID193_A2_1_02d00h00m.tif, 1220.3431, 174.3431, 1231.6569, 185.6569, 0
VID193_A2_1_02d00h00m.tif, 906.7574, 175.7574, 915.2426, 184.2426, 0
VID193_A2_1_02d00h00m.tif, 556.3431, 174.3431, 567.6569, 185.6569, 0
VID193_A2_1_02d00h00m.tif, 337.7574, 174.7574, 346.2426, 183.2426, 0
VID193_A2_1_02d00h00m.tif, 744.3431, 172.3431, 755.6569, 183.6569, 0
VID193_A2_1_02d00h00m.tif, 502.7574, 173.7574, 511.2426, 182.2426, 0
VID193_A2_1_02d00h00m.tif, 1397.7574, 171.7574, 1406.2426, 180.2426, 0
VID193_A2_1_02d00h00m.tif, 1358.3431, 170.3431, 1369.6569, 181.6569, 0
VID193_A2_1_02d00h00m.tif, 350.7574, 170.7574, 359.2426, 179.2426, 0
VID193_A2_1_02d00h00m.tif, 856.3431, 168.3431, 867.6569, 179.6569, 0
VID193_A2_1_02d00h00m.tif, 845.7574, 169.7574, 854.2426, 178.2426, 0
VID193_A2_1_02d00h00m.tif, 807.3431, 166.3431, 818.6569, 177.6569, 0
VID193_A2_1_02d00h00m.tif, 270.3431, 165.3431, 281.6569, 176.6569, 0
VID193_A2_1_02d00h00m.tif, 917.7574, 165.7574, 926.2426, 174.2426, 0
VID193_A2_1_02d00h00m.tif, 1225.7574, 164.7574, 1234.2426, 173.2426, 0
VID193_A2_1_02d00h00m.tif, 964.3431, 163.3431, 975.6569, 174.6569, 0
VID193_A2_1_02d00h00m.tif, 513.7574, 164.7574, 522.2426, 173.2426, 0
VID193_A2_1_02d00h00m.tif, 338.7574, 163.7574, 347.2426, 172.2426, 0
VID193_A2_1_02d00h00m.tif, 1344.3431, 160.3431, 1355.6569, 171.6569, 0
VID193_A2_1_02d00h00m.tif, 1020.3431, 160.3431, 1031.6569, 171.6569, 0
VID193_A2_1_02d00h00m.tif, 1193.7574, 160.7574, 1202.2426, 169.2426, 0
VID193_A2_1_02d00h00m.tif, 1375.9289, 156.9289, 1390.0711, 171.0711, 0
VID193_A2_1_02d00h00m.tif, 839.7574, 159.7574, 848.2426, 168.2426, 0
VID193_A2_1_02d00h00m.tif, 897.9289, 155.9289, 912.0711, 170.0711, 0
VID193_A2_1_02d00h00m.tif, 568.3431, 156.3431, 579.6569, 167.6569, 0
VID193_A2_1_02d00h00m.tif, 172.7574, 156.7574, 181.2426, 165.2426, 0
VID193_A2_1_02d00h00m.tif, 1099.7574, 154.7574, 1108.2426, 163.2426, 0
VID193_A2_1_02d00h00m.tif, 127.7574, 154.7574, 136.2426, 163.2426, 0
VID193_A2_1_02d00h00m.tif, 734.3431, 151.3431, 745.6569, 162.6569, 0
VID193_A2_1_02d00h00m.tif, 669.3431, 149.3431, 680.6569, 160.6569, 0
VID193_A2_1_02d00h00m.tif, 451.7574, 150.7574, 460.2426, 159.2426, 0
VID193_A2_1_02d00h00m.tif, 249.9289, 147.9289, 264.0711, 162.0711, 0
VID193_A2_1_02d00h00m.tif, 362.3431, 147.3431, 373.6569, 158.6569, 0
VID193_A2_1_02d00h00m.tif, 504.3431, 146.3431, 515.6569, 157.6569, 0
VID193_A2_1_02d00h00m.tif, 465.7574, 147.7574, 474.2426, 156.2426, 0
VID193_A2_1_02d00h00m.tif, 830.7574, 146.7574, 839.2426, 155.2426, 0
VID193_A2_1_02d00h00m.tif, 704.3431, 144.3431, 715.6569, 155.6569, 0
VID193_A2_1_02d00h00m.tif, 323.5147, 141.5147, 340.4853, 158.4853, 0
VID193_A2_1_02d00h00m.tif, 657.7574, 144.7574, 666.2426, 153.2426, 0
VID193_A2_1_02d00h00m.tif, 476.3431, 143.3431, 487.6569, 154.6569, 0
VID193_A2_1_02d00h00m.tif, 1185.7574, 143.7574, 1194.2426, 152.2426, 0
VID193_A2_1_02d00h00m.tif, 569.3431, 142.3431, 580.6569, 153.6569, 0
VID193_A2_1_02d00h00m.tif, 1171.7574, 140.7574, 1180.2426, 149.2426, 0
VID193_A2_1_02d00h00m.tif, 123.7574, 140.7574, 132.2426, 149.2426, 0
VID193_A2_1_02d00h00m.tif, 1384.3431, 138.3431, 1395.6569, 149.6569, 0
VID193_A2_1_02d00h00m.tif, 1245.3431, 138.3431, 1256.6569, 149.6569, 0
VID193_A2_1_02d00h00m.tif, 937.9289, 136.9289, 952.0711, 151.0711, 0
VID193_A2_1_02d00h00m.tif, 887.7574, 138.7574, 896.2426, 147.2426, 0
VID193_A2_1_02d00h00m.tif, 1119.7574, 137.7574, 1128.2426, 146.2426, 0
VID193_A2_1_02d00h00m.tif, 963.3431, 133.3431, 974.6569, 144.6569, 0
VID193_A2_1_02d00h00m.tif, 438.7574, 134.7574, 447.2426, 143.2426, 0
VID193_A2_1_02d00h00m.tif, 207.7574, 134.7574, 216.2426, 143.2426, 0
VID193_A2_1_02d00h00m.tif, 1199.7574, 133.7574, 1208.2426, 142.2426, 0
VID193_A2_1_02d00h00m.tif, 646.7574, 133.7574, 655.2426, 142.2426, 0
VID193_A2_1_02d00h00m.tif, 257.7574, 133.7574, 266.2426, 142.2426, 0
VID193_A2_1_02d00h00m.tif, 151.3431, 132.3431, 162.6569, 143.6569, 0
VID193_A2_1_02d00h00m.tif, 338.7574, 131.7574, 347.2426, 140.2426, 0
VID193_A2_1_02d00h00m.tif, 1010.7574, 129.7574, 1019.2426, 138.2426, 0
VID193_A2_1_02d00h00m.tif, 1148.7574, 128.7574, 1157.2426, 137.2426, 0
VID193_A2_1_02d00h00m.tif, 1089.7574, 127.7574, 1098.2426, 136.2426, 0
VID193_A2_1_02d00h00m.tif, 992.3431, 126.3431, 1003.6569, 137.6569, 0
VID193_A2_1_02d00h00m.tif, 712.3431, 125.3431, 723.6569, 136.6569, 0
VID193_A2_1_02d00h00m.tif, 1233.3431, 124.3431, 1244.6569, 135.6569, 0
VID193_A2_1_02d00h00m.tif, 763.9289, 122.9289, 778.0711, 137.0711, 0
VID193_A2_1_02d00h00m.tif, 406.7574, 125.7574, 415.2426, 134.2426, 0
VID193_A2_1_02d00h00m.tif, 392.7574, 125.7574, 401.2426, 134.2426, 0
VID193_A2_1_02d00h00m.tif, 268.7574, 124.7574, 277.2426, 133.2426, 0
VID193_A2_1_02d00h00m.tif, 351.3431, 122.3431, 362.6569, 133.6569, 0
VID193_A2_1_02d00h00m.tif, 894.3431, 121.3431, 905.6569, 132.6569, 0
VID193_A2_1_02d00h00m.tif, 338.7574, 121.7574, 347.2426, 130.2426, 0
VID193_A2_1_02d00h00m.tif, 1069.7574, 119.7574, 1078.2426, 128.2426, 0
VID193_A2_1_02d00h00m.tif, 561.7574, 118.7574, 570.2426, 127.2426, 0
VID193_A2_1_02d00h00m.tif, 475.3431, 116.3431, 486.6569, 127.6569, 0
VID193_A2_1_02d00h00m.tif, 1224.3431, 115.3431, 1235.6569, 126.6569, 0
VID193_A2_1_02d00h00m.tif, 1163.7574, 116.7574, 1172.2426, 125.2426, 0
VID193_A2_1_02d00h00m.tif, 848.3431, 115.3431, 859.6569, 126.6569, 0
VID193_A2_1_02d00h00m.tif, 1046.7574, 111.7574, 1055.2426, 120.2426, 0
VID193_A2_1_02d00h00m.tif, 1059.7574, 110.7574, 1068.2426, 119.2426, 0
VID193_A2_1_02d00h00m.tif, 718.3431, 109.3431, 729.6569, 120.6569, 0
VID193_A2_1_02d00h00m.tif, 493.7574, 110.7574, 502.2426, 119.2426, 0
VID193_A2_1_02d00h00m.tif, 185.3431, 109.3431, 196.6569, 120.6569, 0
VID193_A2_1_02d00h00m.tif, 803.9289, 106.9289, 818.0711, 121.0711, 0
VID193_A2_1_02d00h00m.tif, 1257.7574, 107.7574, 1266.2426, 116.2426, 0
VID193_A2_1_02d00h00m.tif, 773.7574, 105.7574, 782.2426, 114.2426, 0
VID193_A2_1_02d00h00m.tif, 437.9289, 102.9289, 452.0711, 117.0711, 0
VID193_A2_1_02d00h00m.tif, 1027.7574, 104.7574, 1036.2426, 113.2426, 0
VID193_A2_1_02d00h00m.tif, 953.3431, 103.3431, 964.6569, 114.6569, 0
VID193_A2_1_02d00h00m.tif, 703.3431, 102.3431, 714.6569, 113.6569, 0
VID193_A2_1_02d00h00m.tif, 373.3431, 101.3431, 384.6569, 112.6569, 0
VID193_A2_1_02d00h00m.tif, 360.3431, 101.3431, 371.6569, 112.6569, 0
VID193_A2_1_02d00h00m.tif, 603.7574, 101.7574, 612.2426, 110.2426, 0
VID193_A2_1_02d00h00m.tif, 1178.3431, 99.3431, 1189.6569, 110.6569, 0
VID193_A2_1_02d00h00m.tif, 1071.3431, 99.3431, 1082.6569, 110.6569, 0
VID193_A2_1_02d00h00m.tif, 1142.7574, 98.7574, 1151.2426, 107.2426, 0
VID193_A2_1_02d00h00m.tif, 617.3431, 96.3431, 628.6569, 107.6569, 0
VID193_A2_1_02d00h00m.tif, 1153.3431, 95.3431, 1164.6569, 106.6569, 0
VID193_A2_1_02d00h00m.tif, 555.7574, 96.7574, 564.2426, 105.2426, 0
VID193_A2_1_02d00h00m.tif, 574.3431, 94.3431, 585.6569, 105.6569, 0
VID193_A2_1_02d00h00m.tif, 333.7574, 94.7574, 342.2426, 103.2426, 0
VID193_A2_1_02d00h00m.tif, 1275.7574, 93.7574, 1284.2426, 102.2426, 0
VID193_A2_1_02d00h00m.tif, 1207.9289, 89.9289, 1222.0711, 104.0711, 0
VID193_A2_1_02d00h00m.tif, 391.3431, 91.3431, 402.6569, 102.6569, 0
VID193_A2_1_02d00h00m.tif, 50.7574, 92.7574, 59.2426, 101.2426, 0
VID193_A2_1_02d00h00m.tif, 743.7574, 91.7574, 752.2426, 100.2426, 0
VID193_A2_1_02d00h00m.tif, 405.7574, 91.7574, 414.2426, 100.2426, 0
VID193_A2_1_02d00h00m.tif, 136.7574, 91.7574, 145.2426, 100.2426, 0
VID193_A2_1_02d00h00m.tif, 31.7574, 91.7574, 40.2426, 100.2426, 0
VID193_A2_1_02d00h00m.tif, 1377.3431, 89.3431, 1388.6569, 100.6569, 0
VID193_A2_1_02d00h00m.tif, 1099.7574, 90.7574, 1108.2426, 99.2426, 0
VID193_A2_1_02d00h00m.tif, 728.3431, 89.3431, 739.6569, 100.6569, 0
VID193_A2_1_02d00h00m.tif, 193.3431, 89.3431, 204.6569, 100.6569, 0
VID193_A2_1_02d00h00m.tif, 837.3431, 87.3431, 848.6569, 98.6569, 0
VID193_A2_1_02d00h00m.tif, 597.7574, 88.7574, 606.2426, 97.2426, 0
VID193_A2_1_02d00h00m.tif, 951.3431, 86.3431, 962.6569, 97.6569, 0
VID193_A2_1_02d00h00m.tif, 686.9289, 84.9289, 701.0711, 99.0711, 0
VID193_A2_1_02d00h00m.tif, 562.7574, 85.7574, 571.2426, 94.2426, 0
VID193_A2_1_02d00h00m.tif, 41.7574, 85.7574, 50.2426, 94.2426, 0
VID193_A2_1_02d00h00m.tif, 932.9289, 81.9289, 947.0711, 96.0711, 0
VID193_A2_1_02d00h00m.tif, 546.3431, 83.3431, 557.6569, 94.6569, 0
VID193_A2_1_02d00h00m.tif, 1181.3431, 82.3431, 1192.6569, 93.6569, 0
VID193_A2_1_02d00h00m.tif, 1386.3431, 81.3431, 1397.6569, 92.6569, 0
VID193_A2_1_02d00h00m.tif, 376.3431, 81.3431, 387.6569, 92.6569, 0
VID193_A2_1_02d00h00m.tif, 1339.3431, 80.3431, 1350.6569, 91.6569, 0
VID193_A2_1_02d00h00m.tif, 614.3431, 79.3431, 625.6569, 90.6569, 0
VID193_A2_1_02d00h00m.tif, 765.7574, 78.7574, 774.2426, 87.2426, 0
VID193_A2_1_02d00h00m.tif, 586.3431, 77.3431, 597.6569, 88.6569, 0
VID193_A2_1_02d00h00m.tif, 317.7574, 78.7574, 326.2426, 87.2426, 0
VID193_A2_1_02d00h00m.tif, 727.7574, 76.7574, 736.2426, 85.2426, 0
VID193_A2_1_02d00h00m.tif, 572.3431, 75.3431, 583.6569, 86.6569, 0
VID193_A2_1_02d00h00m.tif, 452.7574, 75.7574, 461.2426, 84.2426, 0
VID193_A2_1_02d00h00m.tif, 87.3431, 74.3431, 98.6569, 85.6569, 0
VID193_A2_1_02d00h00m.tif, 1286.3431, 73.3431, 1297.6569, 84.6569, 0
VID193_A2_1_02d00h00m.tif, 72.7574, 73.7574, 81.2426, 82.2426, 0
VID193_A2_1_02d00h00m.tif, 629.7574, 72.7574, 638.2426, 81.2426, 0
VID193_A2_1_02d00h00m.tif, 387.9289, 69.9289, 402.0711, 84.0711, 0
VID193_A2_1_02d00h00m.tif, 1105.3431, 69.3431, 1116.6569, 80.6569, 0
VID193_A2_1_02d00h00m.tif, 826.7574, 69.7574, 835.2426, 78.2426, 0
VID193_A2_1_02d00h00m.tif, 799.7574, 69.7574, 808.2426, 78.2426, 0
VID193_A2_1_02d00h00m.tif, 208.3431, 66.3431, 219.6569, 77.6569, 0
VID193_A2_1_02d00h00m.tif, 1151.3431, 65.3431, 1162.6569, 76.6569, 0
VID193_A2_1_02d00h00m.tif, 1174.7574, 65.7574, 1183.2426, 74.2426, 0
VID193_A2_1_02d00h00m.tif, 1068.7574, 65.7574, 1077.2426, 74.2426, 0
VID193_A2_1_02d00h00m.tif, 954.7574, 65.7574, 963.2426, 74.2426, 0
VID193_A2_1_02d00h00m.tif, 839.7574, 65.7574, 848.2426, 74.2426, 0
VID193_A2_1_02d00h00m.tif, 724.3431, 63.3431, 735.6569, 74.6569, 0
VID193_A2_1_02d00h00m.tif, 1081.7574, 62.7574, 1090.2426, 71.2426, 0
VID193_A2_1_02d00h00m.tif, 506.3431, 61.3431, 517.6569, 72.6569, 0
VID193_A2_1_02d00h00m.tif, 431.7574, 61.7574, 440.2426, 70.2426, 0
VID193_A2_1_02d00h00m.tif, 240.3431, 60.3431, 251.6569, 71.6569, 0
VID193_A2_1_02d00h00m.tif, 356.3431, 59.3431, 367.6569, 70.6569, 0
VID193_A2_1_02d00h00m.tif, 495.7574, 59.7574, 504.2426, 68.2426, 0
VID193_A2_1_02d00h00m.tif, 790.7574, 57.7574, 799.2426, 66.2426, 0
VID193_A2_1_02d00h00m.tif, 403.3431, 56.3431, 414.6569, 67.6569, 0
VID193_A2_1_02d00h00m.tif, 331.7574, 57.7574, 340.2426, 66.2426, 0
VID193_A2_1_02d00h00m.tif, 279.7574, 57.7574, 288.2426, 66.2426, 0
VID193_A2_1_02d00h00m.tif, 36.7574, 57.7574, 45.2426, 66.2426, 0
VID193_A2_1_02d00h00m.tif, 1048.3431, 55.3431, 1059.6569, 66.6569, 0
VID193_A2_1_02d00h00m.tif, 677.9289, 52.9289, 692.0711, 67.0711, 0
VID193_A2_1_02d00h00m.tif, 318.5147, 51.5147, 335.4853, 68.4853, 0
VID193_A2_1_02d00h00m.tif, 55.3431, 54.3431, 66.6569, 65.6569, 0
VID193_A2_1_02d00h00m.tif, 1020.7574, 54.7574, 1029.2426, 63.2426, 0
VID193_A2_1_02d00h00m.tif, 111.3431, 53.3431, 122.6569, 64.6569, 0
VID193_A2_1_02d00h00m.tif, 24.7574, 54.7574, 33.2426, 63.2426, 0
VID193_A2_1_02d00h00m.tif, 827.3431, 52.3431, 838.6569, 63.6569, 0
VID193_A2_1_02d00h00m.tif, 646.3431, 52.3431, 657.6569, 63.6569, 0
VID193_A2_1_02d00h00m.tif, 1070.7574, 51.7574, 1079.2426, 60.2426, 0
VID193_A2_1_02d00h00m.tif, 558.7574, 49.7574, 567.2426, 58.2426, 0
VID193_A2_1_02d00h00m.tif, 459.7574, 48.7574, 468.2426, 57.2426, 0
VID193_A2_1_02d00h00m.tif, 421.7574, 48.7574, 430.2426, 57.2426, 0
VID193_A2_1_02d00h00m.tif, 1082.3431, 45.3431, 1093.6569, 56.6569, 0
VID193_A2_1_02d00h00m.tif, 1058.7574, 46.7574, 1067.2426, 55.2426, 0
VID193_A2_1_02d00h00m.tif, 993.3431, 45.3431, 1004.6569, 56.6569, 0
VID193_A2_1_02d00h00m.tif, 535.3431, 45.3431, 546.6569, 56.6569, 0
VID193_A2_1_02d00h00m.tif, 232.3431, 45.3431, 243.6569, 56.6569, 0
VID193_A2_1_02d00h00m.tif, 1169.3431, 44.3431, 1180.6569, 55.6569, 0
VID193_A2_1_02d00h00m.tif, 1110.7574, 45.7574, 1119.2426, 54.2426, 0
VID193_A2_1_02d00h00m.tif, 764.3431, 44.3431, 775.6569, 55.6569, 0
VID193_A2_1_02d00h00m.tif, 750.3431, 44.3431, 761.6569, 55.6569, 0
VID193_A2_1_02d00h00m.tif, 1284.3431, 40.3431, 1295.6569, 51.6569, 0
VID193_A2_1_02d00h00m.tif, 69.7574, 41.7574, 78.2426, 50.2426, 0
VID193_A2_1_02d00h00m.tif, 838.5147, 35.5147, 855.4853, 52.4853, 0
VID193_A2_1_02d00h00m.tif, 582.7574, 39.7574, 591.2426, 48.2426, 0
VID193_A2_1_02d00h00m.tif, 1270.7574, 38.7574, 1279.2426, 47.2426, 0
VID193_A2_1_02d00h00m.tif, 1139.7574, 38.7574, 1148.2426, 47.2426, 0
VID193_A2_1_02d00h00m.tif, 1364.3431, 35.3431, 1375.6569, 46.6569, 0
VID193_A2_1_02d00h00m.tif, 554.7574, 36.7574, 563.2426, 45.2426, 0
VID193_A2_1_02d00h00m.tif, 162.3431, 34.3431, 173.6569, 45.6569, 0
VID193_A2_1_02d00h00m.tif, 45.7574, 35.7574, 54.2426, 44.2426, 0
VID193_A2_1_02d00h00m.tif, 672.7574, 34.7574, 681.2426, 43.2426, 0
VID193_A2_1_02d00h00m.tif, 428.7574, 34.7574, 437.2426, 43.2426, 0
VID193_A2_1_02d00h00m.tif, 1294.3431, 32.3431, 1305.6569, 43.6569, 0
VID193_A2_1_02d00h00m.tif, 1214.7574, 33.7574, 1223.2426, 42.2426, 0
VID193_A2_1_02d00h00m.tif, 1156.3431, 32.3431, 1167.6569, 43.6569, 0
VID193_A2_1_02d00h00m.tif, 361.9289, 29.9289, 376.0711, 44.0711, 0
VID193_A2_1_02d00h00m.tif, 207.3431, 29.3431, 218.6569, 40.6569, 0
VID193_A2_1_02d00h00m.tif, 185.7574, 30.7574, 194.2426, 39.2426, 0
VID193_A2_1_02d00h00m.tif, 746.3431, 28.3431, 757.6569, 39.6569, 0
VID193_A2_1_02d00h00m.tif, 514.7574, 29.7574, 523.2426, 38.2426, 0
VID193_A2_1_02d00h00m.tif, 331.7574, 29.7574, 340.2426, 38.2426, 0
VID193_A2_1_02d00h00m.tif, 1267.7574, 28.7574, 1276.2426, 37.2426, 0
VID193_A2_1_02d00h00m.tif, 864.7574, 26.7574, 873.2426, 35.2426, 0
VID193_A2_1_02d00h00m.tif, 661.7574, 26.7574, 670.2426, 35.2426, 0
VID193_A2_1_02d00h00m.tif, 456.7574, 25.7574, 465.2426, 34.2426, 0
VID193_A2_1_02d00h00m.tif, 854.7574, 24.7574, 863.2426, 33.2426, 0
VID193_A2_1_02d00h00m.tif, 680.3431, 23.3431, 691.6569, 34.6569, 0
VID193_A2_1_02d00h00m.tif, 103.7574, 24.7574, 112.2426, 33.2426, 0
VID193_A2_1_02d00h00m.tif, 408.7574, 23.7574, 417.2426, 32.2426, 0
VID193_A2_1_02d00h00m.tif, 805.7574, 22.7574, 814.2426, 31.2426, 0
VID193_A2_1_02d00h00m.tif, 441.7574, 22.7574, 450.2426, 31.2426, 0
VID193_A2_1_02d00h00m.tif, 223.3431, 21.3431, 234.6569, 32.6569, 0
VID193_A2_1_02d00h00m.tif, 240.7574, 21.7574, 249.2426, 30.2426, 0
VID193_A2_1_02d00h00m.tif, 113.7574, 20.7574, 122.2426, 29.2426, 0
VID193_A2_1_02d00h00m.tif, 56.7574, 19.7574, 65.2426, 28.2426, 0
VID193_A2_1_02d00h00m.tif, 425.3431, 17.3431, 436.6569, 28.6569, 0
VID193_A2_1_02d00h00m.tif, 715.9289, 14.9289, 730.0711, 29.0711, 0
VID193_A2_1_02d00h00m.tif, 363.9289, 13.9289, 378.0711, 28.0711, 0
VID193_A2_1_02d00h00m.tif, 149.7574, 16.7574, 158.2426, 25.2426, 0
VID193_A2_1_02d00h00m.tif, 1269.3431, 14.3431, 1280.6569, 25.6569, 0
VID193_A2_1_02d00h00m.tif, 944.7574, 14.7574, 953.2426, 23.2426, 0
VID193_A2_1_02d00h00m.tif, 1300.7574, 13.7574, 1309.2426, 22.2426, 0
VID193_A2_1_02d00h00m.tif, 642.9289, 10.9289, 657.0711, 25.0711, 0
VID193_A2_1_02d00h00m.tif, 1339.3431, 11.3431, 1350.6569, 22.6569, 0
VID193_A2_1_02d00h00m.tif, 1207.3431, 11.3431, 1218.6569, 22.6569, 0
VID193_A2_1_02d00h00m.tif, 233.7574, 9.7574, 242.2426, 18.2426, 0
VID193_A2_1_02d00h00m.tif, 812.3431, 7.3431, 823.6569, 18.6569, 0
VID193_A2_1_02d00h00m.tif, 575.3431, 7.3431, 586.6569, 18.6569, 0
VID193_A2_1_02d00h00m.tif, 502.3431, 6.3431, 513.6569, 17.6569, 0
VID193_A2_1_02d00h00m.tif, 335.7574, 6.7574, 344.2426, 15.2426, 0
VID193_A2_1_02d00h00m.tif, 1233.7574, 5.7574, 1242.2426, 14.2426, 0
VID193_A2_1_02d00h00m.tif, 390.7574, 4.7574, 399.2426, 13.2426, 0
VID193_A2_1_02d00h00m.tif, 378.3431, 3.3431, 389.6569, 14.6569, 0
VID193_A2_1_02d00h00m.tif, 1103.7574, 3.7574, 1112.2426, 12.2426, 0
VID193_A2_1_02d00h00m.tif, 115.7574, 3.7574, 124.2426, 12.2426, 0
VID193_A2_1_02d00h00m.tif, 352.3859, 1032.3859, 359.6141, 1039.6141, 1
VID193_A2_1_02d00h00m.tif, 1131.4858, 1032.4858, 1136.5142, 1037.5142, 1
VID193_A2_1_02d00h00m.tif, 451.4858, 1031.4858, 456.5142, 1036.5142, 1
VID193_A2_1_02d00h00m.tif, 1394.4858, 1029.4858, 1399.5142, 1034.5142, 1
VID193_A2_1_02d00h00m.tif, 1259.4858, 1029.4858, 1264.5142, 1034.5142, 1
VID193_A2_1_02d00h00m.tif, 281.3859, 1028.3859, 288.6141, 1035.6141, 1
VID193_A2_1_02d00h00m.tif, 90.4858, 1028.4858, 95.5142, 1033.5142, 1
VID193_A2_1_02d00h00m.tif, 72.3859, 1026.3859, 79.6141, 1033.6141, 1
VID193_A2_1_02d00h00m.tif, 653.4858, 1021.4858, 658.5142, 1026.5142, 1
VID193_A2_1_02d00h00m.tif, 534.3859, 1017.3859, 541.6141, 1024.6141, 1
VID193_A2_1_02d00h00m.tif, 793.4858, 1014.4858, 798.5142, 1019.5142, 1
VID193_A2_1_02d00h00m.tif, 277.4858, 1012.4858, 282.5142, 1017.5142, 1
VID193_A2_1_02d00h00m.tif, 365.3859, 1010.3859, 372.6141, 1017.6141, 1
VID193_A2_1_02d00h00m.tif, 1182.3859, 1007.3859, 1189.6141, 1014.6141, 1
VID193_A2_1_02d00h00m.tif, 763.3859, 1006.3859, 770.6141, 1013.6141, 1
VID193_A2_1_02d00h00m.tif, 755.4858, 1007.4858, 760.5142, 1012.5142, 1
VID193_A2_1_02d00h00m.tif, 231.4858, 1006.4858, 236.5142, 1011.5142, 1
VID193_A2_1_02d00h00m.tif, 274.4858, 1004.4858, 279.5142, 1009.5142, 1
VID193_A2_1_02d00h00m.tif, 1218.4858, 1003.4858, 1223.5142, 1008.5142, 1
VID193_A2_1_02d00h00m.tif, 694.4858, 1003.4858, 699.5142, 1008.5142, 1
VID193_A2_1_02d00h00m.tif, 1153.4858, 1002.4858, 1158.5142, 1007.5142, 1
VID193_A2_1_02d00h00m.tif, 1306.4858, 1000.4858, 1311.5142, 1005.5142, 1
VID193_A2_1_02d00h00m.tif, 1116.4858, 999.4858, 1121.5142, 1004.5142, 1
VID193_A2_1_02d00h00m.tif, 1258.4858, 995.4858, 1263.5142, 1000.5142, 1
VID193_A2_1_02d00h00m.tif, 334.4858, 993.4858, 339.5142, 998.5142, 1
VID193_A2_1_02d00h00m.tif, 294.3859, 991.3859, 301.6141, 998.6141, 1
VID193_A2_1_02d00h00m.tif, 275.3859, 988.3859, 282.6141, 995.6141, 1
VID193_A2_1_02d00h00m.tif, 29.3859, 988.3859, 36.6141, 995.6141, 1
VID193_A2_1_02d00h00m.tif, 882.4858, 988.4858, 887.5142, 993.5142, 1
VID193_A2_1_02d00h00m.tif, 945.4858, 987.4858, 950.5142, 992.5142, 1
VID193_A2_1_02d00h00m.tif, 95.4858, 987.4858, 100.5142, 992.5142, 1
VID193_A2_1_02d00h00m.tif, 142.4858, 985.4858, 147.5142, 990.5142, 1
VID193_A2_1_02d00h00m.tif, 1353.4858, 981.4858, 1358.5142, 986.5142, 1
VID193_A2_1_02d00h00m.tif, 486.4858, 980.4858, 491.5142, 985.5142, 1
VID193_A2_1_02d00h00m.tif, 172.4858, 978.4858, 177.5142, 983.5142, 1
VID193_A2_1_02d00h00m.tif, 330.4858, 966.4858, 335.5142, 971.5142, 1
VID193_A2_1_02d00h00m.tif, 1183.3859, 964.3859, 1190.6141, 971.6141, 1
VID193_A2_1_02d00h00m.tif, 835.3859, 964.3859, 842.6141, 971.6141, 1
VID193_A2_1_02d00h00m.tif, 738.4858, 965.4858, 743.5142, 970.5142, 1
VID193_A2_1_02d00h00m.tif, 430.4858, 965.4858, 435.5142, 970.5142, 1
VID193_A2_1_02d00h00m.tif, 1241.4858, 963.4858, 1246.5142, 968.5142, 1
VID193_A2_1_02d00h00m.tif, 454.3859, 962.3859, 461.6141, 969.6141, 1
VID193_A2_1_02d00h00m.tif, 1264.4858, 961.4858, 1269.5142, 966.5142, 1
VID193_A2_1_02d00h00m.tif, 1077.4858, 961.4858, 1082.5142, 966.5142, 1
VID193_A2_1_02d00h00m.tif, 810.4858, 957.4858, 815.5142, 962.5142, 1
VID193_A2_1_02d00h00m.tif, 898.3859, 953.3859, 905.6141, 960.6141, 1
VID193_A2_1_02d00h00m.tif, 351.4858, 953.4858, 356.5142, 958.5142, 1
VID193_A2_1_02d00h00m.tif, 1386.4858, 952.4858, 1391.5142, 957.5142, 1
VID193_A2_1_02d00h00m.tif, 1286.4858, 951.4858, 1291.5142, 956.5142, 1
VID193_A2_1_02d00h00m.tif, 1153.3859, 947.3859, 1160.6141, 954.6141, 1
VID193_A2_1_02d00h00m.tif, 614.4858, 948.4858, 619.5142, 953.5142, 1
VID193_A2_1_02d00h00m.tif, 729.3859, 943.3859, 736.6141, 950.6141, 1
VID193_A2_1_02d00h00m.tif, 793.3859, 941.3859, 800.6141, 948.6141, 1
VID193_A2_1_02d00h00m.tif, 677.3859, 941.3859, 684.6141, 948.6141, 1
VID193_A2_1_02d00h00m.tif, 596.4858, 941.4858, 601.5142, 946.5142, 1
VID193_A2_1_02d00h00m.tif, 425.4858, 940.4858, 430.5142, 945.5142, 1
VID193_A2_1_02d00h00m.tif, 205.4858, 937.4858, 210.5142, 942.5142, 1
VID193_A2_1_02d00h00m.tif, 712.3859, 933.3859, 719.6141, 940.6141, 1
VID193_A2_1_02d00h00m.tif, 379.4858, 934.4858, 384.5142, 939.5142, 1
VID193_A2_1_02d00h00m.tif, 967.4858, 932.4858, 972.5142, 937.5142, 1
VID193_A2_1_02d00h00m.tif, 1005.4858, 930.4858, 1010.5142, 935.5142, 1
VID193_A2_1_02d00h00m.tif, 326.4858, 930.4858, 331.5142, 935.5142, 1
VID193_A2_1_02d00h00m.tif, 550.3859, 928.3859, 557.6141, 935.6141, 1
VID193_A2_1_02d00h00m.tif, 808.4858, 927.4858, 813.5142, 932.5142, 1
VID193_A2_1_02d00h00m.tif, 25.2860, 924.2860, 34.7140, 933.7140, 1
VID193_A2_1_02d00h00m.tif, 1242.4858, 925.4858, 1247.5142, 930.5142, 1
VID193_A2_1_02d00h00m.tif, 1114.3859, 921.3859, 1121.6141, 928.6141, 1
VID193_A2_1_02d00h00m.tif, 820.4858, 920.4858, 825.5142, 925.5142, 1
VID193_A2_1_02d00h00m.tif, 87.4858, 919.4858, 92.5142, 924.5142, 1
VID193_A2_1_02d00h00m.tif, 1095.3859, 917.3859, 1102.6141, 924.6141, 1
VID193_A2_1_02d00h00m.tif, 279.3859, 915.3859, 286.6141, 922.6141, 1
VID193_A2_1_02d00h00m.tif, 1391.3859, 909.3859, 1398.6141, 916.6141, 1
VID193_A2_1_02d00h00m.tif, 528.4858, 910.4858, 533.5142, 915.5142, 1
VID193_A2_1_02d00h00m.tif, 447.4858, 909.4858, 452.5142, 914.5142, 1
VID193_A2_1_02d00h00m.tif, 1290.3859, 904.3859, 1297.6141, 911.6141, 1
VID193_A2_1_02d00h00m.tif, 1061.2860, 903.2860, 1070.7140, 912.7140, 1
VID193_A2_1_02d00h00m.tif, 999.4858, 904.4858, 1004.5142, 909.5142, 1
VID193_A2_1_02d00h00m.tif, 854.4858, 902.4858, 859.5142, 907.5142, 1
VID193_A2_1_02d00h00m.tif, 682.3859, 898.3859, 689.6141, 905.6141, 1
VID193_A2_1_02d00h00m.tif, 1358.4858, 897.4858, 1363.5142, 902.5142, 1
VID193_A2_1_02d00h00m.tif, 303.4858, 896.4858, 308.5142, 901.5142, 1
VID193_A2_1_02d00h00m.tif, 5.3859, 895.3859, 12.6141, 902.6141, 1
VID193_A2_1_02d00h00m.tif, 810.4858, 894.4858, 815.5142, 899.5142, 1
VID193_A2_1_02d00h00m.tif, 1003.3859, 887.3859, 1010.6141, 894.6141, 1
VID193_A2_1_02d00h00m.tif, 1348.3859, 886.3859, 1355.6141, 893.6141, 1
VID193_A2_1_02d00h00m.tif, 40.3859, 884.3859, 47.6141, 891.6141, 1
VID193_A2_1_02d00h00m.tif, 1395.4858, 882.4858, 1400.5142, 887.5142, 1
VID193_A2_1_02d00h00m.tif, 1251.4858, 870.4858, 1256.5142, 875.5142, 1
VID193_A2_1_02d00h00m.tif, 1061.4858, 870.4858, 1066.5142, 875.5142, 1
VID193_A2_1_02d00h00m.tif, 628.4858, 870.4858, 633.5142, 875.5142, 1
VID193_A2_1_02d00h00m.tif, 1129.4858, 863.4858, 1134.5142, 868.5142, 1
VID193_A2_1_02d00h00m.tif, 262.3859, 861.3859, 269.6141, 868.6141, 1
VID193_A2_1_02d00h00m.tif, 1263.4858, 861.4858, 1268.5142, 866.5142, 1
VID193_A2_1_02d00h00m.tif, 658.3859, 857.3859, 665.6141, 864.6141, 1
VID193_A2_1_02d00h00m.tif, 79.4858, 857.4858, 84.5142, 862.5142, 1
VID193_A2_1_02d00h00m.tif, 584.4858, 856.4858, 589.5142, 861.5142, 1
VID193_A2_1_02d00h00m.tif, 747.1860, 851.1860, 758.8140, 862.8140, 1
VID193_A2_1_02d00h00m.tif, 662.4858, 854.4858, 667.5142, 859.5142, 1
VID193_A2_1_02d00h00m.tif, 287.3859, 853.3859, 294.6141, 860.6141, 1
VID193_A2_1_02d00h00m.tif, 240.4858, 853.4858, 245.5142, 858.5142, 1
VID193_A2_1_02d00h00m.tif, 148.4858, 853.4858, 153.5142, 858.5142, 1
VID193_A2_1_02d00h00m.tif, 1265.3859, 850.3859, 1272.6141, 857.6141, 1
VID193_A2_1_02d00h00m.tif, 823.3859, 848.3859, 830.6141, 855.6141, 1
VID193_A2_1_02d00h00m.tif, 809.4858, 846.4858, 814.5142, 851.5142, 1
VID193_A2_1_02d00h00m.tif, 224.3859, 845.3859, 231.6141, 852.6141, 1
VID193_A2_1_02d00h00m.tif, 592.4858, 845.4858, 597.5142, 850.5142, 1
VID193_A2_1_02d00h00m.tif, 198.4858, 840.4858, 203.5142, 845.5142, 1
VID193_A2_1_02d00h00m.tif, 300.4858, 839.4858, 305.5142, 844.5142, 1
VID193_A2_1_02d00h00m.tif, 707.3859, 836.3859, 714.6141, 843.6141, 1
VID193_A2_1_02d00h00m.tif, 324.4858, 835.4858, 329.5142, 840.5142, 1
VID193_A2_1_02d00h00m.tif, 295.4858, 834.4858, 300.5142, 839.5142, 1
VID193_A2_1_02d00h00m.tif, 603.3859, 829.3859, 610.6141, 836.6141, 1
VID193_A2_1_02d00h00m.tif, 1377.4858, 826.4858, 1382.5142, 831.5142, 1
VID193_A2_1_02d00h00m.tif, 1348.4858, 825.4858, 1353.5142, 830.5142, 1
VID193_A2_1_02d00h00m.tif, 369.3859, 823.3859, 376.6141, 830.6141, 1
VID193_A2_1_02d00h00m.tif, 199.2860, 822.2860, 208.7140, 831.7140, 1
VID193_A2_1_02d00h00m.tif, 156.4858, 823.4858, 161.5142, 828.5142, 1
VID193_A2_1_02d00h00m.tif, 1297.3859, 819.3859, 1304.6141, 826.6141, 1
VID193_A2_1_02d00h00m.tif, 1050.3859, 819.3859, 1057.6141, 826.6141, 1
VID193_A2_1_02d00h00m.tif, 835.3859, 816.3859, 842.6141, 823.6141, 1
VID193_A2_1_02d00h00m.tif, 1138.4858, 816.4858, 1143.5142, 821.5142, 1
VID193_A2_1_02d00h00m.tif, 574.3859, 815.3859, 581.6141, 822.6141, 1
VID193_A2_1_02d00h00m.tif, 419.4858, 816.4858, 424.5142, 821.5142, 1
VID193_A2_1_02d00h00m.tif, 995.4858, 815.4858, 1000.5142, 820.5142, 1
VID193_A2_1_02d00h00m.tif, 880.4858, 814.4858, 885.5142, 819.5142, 1
VID193_A2_1_02d00h00m.tif, 1388.3859, 811.3859, 1395.6141, 818.6141, 1
VID193_A2_1_02d00h00m.tif, 1274.4858, 812.4858, 1279.5142, 817.5142, 1
VID193_A2_1_02d00h00m.tif, 1199.4858, 812.4858, 1204.5142, 817.5142, 1
VID193_A2_1_02d00h00m.tif, 1293.3859, 810.3859, 1300.6141, 817.6141, 1
VID193_A2_1_02d00h00m.tif, 1263.4858, 810.4858, 1268.5142, 815.5142, 1
VID193_A2_1_02d00h00m.tif, 485.4858, 810.4858, 490.5142, 815.5142, 1
VID193_A2_1_02d00h00m.tif, 726.4858, 809.4858, 731.5142, 814.5142, 1
VID193_A2_1_02d00h00m.tif, 873.4858, 807.4858, 878.5142, 812.5142, 1
VID193_A2_1_02d00h00m.tif, 564.4858, 805.4858, 569.5142, 810.5142, 1
VID193_A2_1_02d00h00m.tif, 12.3859, 804.3859, 19.6141, 811.6141, 1
VID193_A2_1_02d00h00m.tif, 1280.4858, 803.4858, 1285.5142, 808.5142, 1
VID193_A2_1_02d00h00m.tif, 106.4858, 802.4858, 111.5142, 807.5142, 1
VID193_A2_1_02d00h00m.tif, 848.2860, 799.2860, 857.7140, 808.7140, 1
VID193_A2_1_02d00h00m.tif, 278.3859, 797.3859, 285.6141, 804.6141, 1
VID193_A2_1_02d00h00m.tif, 1264.4858, 792.4858, 1269.5142, 797.5142, 1
VID193_A2_1_02d00h00m.tif, 955.3859, 790.3859, 962.6141, 797.6141, 1
VID193_A2_1_02d00h00m.tif, 1211.4858, 790.4858, 1216.5142, 795.5142, 1
VID193_A2_1_02d00h00m.tif, 913.4858, 789.4858, 918.5142, 794.5142, 1
VID193_A2_1_02d00h00m.tif, 38.4858, 786.4858, 43.5142, 791.5142, 1
VID193_A2_1_02d00h00m.tif, 1341.3859, 784.3859, 1348.6141, 791.6141, 1
VID193_A2_1_02d00h00m.tif, 1220.4858, 783.4858, 1225.5142, 788.5142, 1
VID193_A2_1_02d00h00m.tif, 659.4858, 782.4858, 664.5142, 787.5142, 1
VID193_A2_1_02d00h00m.tif, 1386.4858, 781.4858, 1391.5142, 786.5142, 1
VID193_A2_1_02d00h00m.tif, 412.3859, 780.3859, 419.6141, 787.6141, 1
VID193_A2_1_02d00h00m.tif, 1283.4858, 778.4858, 1288.5142, 783.5142, 1
VID193_A2_1_02d00h00m.tif, 1162.3859, 777.3859, 1169.6141, 784.6141, 1
VID193_A2_1_02d00h00m.tif, 776.4858, 777.4858, 781.5142, 782.5142, 1
VID193_A2_1_02d00h00m.tif, 1372.3859, 771.3859, 1379.6141, 778.6141, 1
VID193_A2_1_02d00h00m.tif, 1247.4858, 770.4858, 1252.5142, 775.5142, 1
VID193_A2_1_02d00h00m.tif, 262.2860, 766.2860, 271.7140, 775.7140, 1
VID193_A2_1_02d00h00m.tif, 1.4858, 768.4858, 6.5142, 773.5142, 1
VID193_A2_1_02d00h00m.tif, 1216.4858, 765.4858, 1221.5142, 770.5142, 1
VID193_A2_1_02d00h00m.tif, 970.4858, 765.4858, 975.5142, 770.5142, 1
VID193_A2_1_02d00h00m.tif, 1177.3859, 762.3859, 1184.6141, 769.6141, 1
VID193_A2_1_02d00h00m.tif, 237.4858, 763.4858, 242.5142, 768.5142, 1
VID193_A2_1_02d00h00m.tif, 742.4858, 762.4858, 747.5142, 767.5142, 1
VID193_A2_1_02d00h00m.tif, 919.4858, 759.4858, 924.5142, 764.5142, 1
VID193_A2_1_02d00h00m.tif, 426.4858, 757.4858, 431.5142, 762.5142, 1
VID193_A2_1_02d00h00m.tif, 463.2860, 754.2860, 472.7140, 763.7140, 1
VID193_A2_1_02d00h00m.tif, 1205.4858, 754.4858, 1210.5142, 759.5142, 1
VID193_A2_1_02d00h00m.tif, 237.4858, 752.4858, 242.5142, 757.5142, 1
VID193_A2_1_02d00h00m.tif, 1249.4858, 750.4858, 1254.5142, 755.5142, 1
VID193_A2_1_02d00h00m.tif, 509.4858, 748.4858, 514.5142, 753.5142, 1
VID193_A2_1_02d00h00m.tif, 33.4858, 747.4858, 38.5142, 752.5142, 1
VID193_A2_1_02d00h00m.tif, 529.3859, 744.3859, 536.6141, 751.6141, 1
VID193_A2_1_02d00h00m.tif, 408.4858, 745.4858, 413.5142, 750.5142, 1
VID193_A2_1_02d00h00m.tif, 63.4858, 745.4858, 68.5142, 750.5142, 1
VID193_A2_1_02d00h00m.tif, 1116.4858, 743.4858, 1121.5142, 748.5142, 1
VID193_A2_1_02d00h00m.tif, 899.2860, 740.2860, 908.7140, 749.7140, 1
VID193_A2_1_02d00h00m.tif, 821.3859, 741.3859, 828.6141, 748.6141, 1
VID193_A2_1_02d00h00m.tif, 576.4858, 742.4858, 581.5142, 747.5142, 1
VID193_A2_1_02d00h00m.tif, 1066.4858, 741.4858, 1071.5142, 746.5142, 1
VID193_A2_1_02d00h00m.tif, 1305.4858, 740.4858, 1310.5142, 745.5142, 1
VID193_A2_1_02d00h00m.tif, 1223.3859, 739.3859, 1230.6141, 746.6141, 1
VID193_A2_1_02d00h00m.tif, 1322.4858, 739.4858, 1327.5142, 744.5142, 1
VID193_A2_1_02d00h00m.tif, 806.4858, 736.4858, 811.5142, 741.5142, 1
VID193_A2_1_02d00h00m.tif, 1344.4858, 735.4858, 1349.5142, 740.5142, 1
VID193_A2_1_02d00h00m.tif, 642.4858, 732.4858, 647.5142, 737.5142, 1
VID193_A2_1_02d00h00m.tif, 938.4858, 730.4858, 943.5142, 735.5142, 1
VID193_A2_1_02d00h00m.tif, 964.4858, 728.4858, 969.5142, 733.5142, 1
VID193_A2_1_02d00h00m.tif, 806.4858, 728.4858, 811.5142, 733.5142, 1
VID193_A2_1_02d00h00m.tif, 1143.4858, 726.4858, 1148.5142, 731.5142, 1
VID193_A2_1_02d00h00m.tif, 622.4858, 726.4858, 627.5142, 731.5142, 1
VID193_A2_1_02d00h00m.tif, 668.3859, 723.3859, 675.6141, 730.6141, 1
VID193_A2_1_02d00h00m.tif, 1351.4858, 723.4858, 1356.5142, 728.5142, 1
VID193_A2_1_02d00h00m.tif, 970.4858, 719.4858, 975.5142, 724.5142, 1
VID193_A2_1_02d00h00m.tif, 7.3859, 714.3859, 14.6141, 721.6141, 1
VID193_A2_1_02d00h00m.tif, 394.4858, 714.4858, 399.5142, 719.5142, 1
VID193_A2_1_02d00h00m.tif, 1364.4858, 710.4858, 1369.5142, 715.5142, 1
VID193_A2_1_02d00h00m.tif, 959.4858, 710.4858, 964.5142, 715.5142, 1
VID193_A2_1_02d00h00m.tif, 702.3859, 704.3859, 709.6141, 711.6141, 1
VID193_A2_1_02d00h00m.tif, 461.3859, 700.3859, 468.6141, 707.6141, 1
VID193_A2_1_02d00h00m.tif, 108.4858, 701.4858, 113.5142, 706.5142, 1
VID193_A2_1_02d00h00m.tif, 1328.4858, 700.4858, 1333.5142, 705.5142, 1
VID193_A2_1_02d00h00m.tif, 1046.4858, 700.4858, 1051.5142, 705.5142, 1
VID193_A2_1_02d00h00m.tif, 434.4858, 698.4858, 439.5142, 703.5142, 1
VID193_A2_1_02d00h00m.tif, 1250.1860, 694.1860, 1261.8140, 705.8140, 1
VID193_A2_1_02d00h00m.tif, 1266.4858, 692.4858, 1271.5142, 697.5142, 1
VID193_A2_1_02d00h00m.tif, 375.3859, 691.3859, 382.6141, 698.6141, 1
VID193_A2_1_02d00h00m.tif, 1103.4858, 691.4858, 1108.5142, 696.5142, 1
VID193_A2_1_02d00h00m.tif, 80.4858, 687.4858, 85.5142, 692.5142, 1
VID193_A2_1_02d00h00m.tif, 181.3859, 681.3859, 188.6141, 688.6141, 1
VID193_A2_1_02d00h00m.tif, 670.4858, 681.4858, 675.5142, 686.5142, 1
VID193_A2_1_02d00h00m.tif, 200.4858, 680.4858, 205.5142, 685.5142, 1
VID193_A2_1_02d00h00m.tif, 262.3859, 678.3859, 269.6141, 685.6141, 1
VID193_A2_1_02d00h00m.tif, 1029.3859, 673.3859, 1036.6141, 680.6141, 1
VID193_A2_1_02d00h00m.tif, 139.4858, 671.4858, 144.5142, 676.5142, 1
VID193_A2_1_02d00h00m.tif, 1236.3859, 669.3859, 1243.6141, 676.6141, 1
VID193_A2_1_02d00h00m.tif, 723.4858, 669.4858, 728.5142, 674.5142, 1
VID193_A2_1_02d00h00m.tif, 165.4858, 669.4858, 170.5142, 674.5142, 1
VID193_A2_1_02d00h00m.tif, 806.4858, 667.4858, 811.5142, 672.5142, 1
VID193_A2_1_02d00h00m.tif, 610.3859, 665.3859, 617.6141, 672.6141, 1
VID193_A2_1_02d00h00m.tif, 32.4858, 666.4858, 37.5142, 671.5142, 1
VID193_A2_1_02d00h00m.tif, 344.4858, 660.4858, 349.5142, 665.5142, 1
VID193_A2_1_02d00h00m.tif, 1249.3859, 657.3859, 1256.6141, 664.6141, 1
VID193_A2_1_02d00h00m.tif, 1015.4858, 656.4858, 1020.5142, 661.5142, 1
VID193_A2_1_02d00h00m.tif, 1177.3859, 652.3859, 1184.6141, 659.6141, 1
VID193_A2_1_02d00h00m.tif, 306.4858, 648.4858, 311.5142, 653.5142, 1
VID193_A2_1_02d00h00m.tif, 1054.4858, 647.4858, 1059.5142, 652.5142, 1
VID193_A2_1_02d00h00m.tif, 1267.4858, 645.4858, 1272.5142, 650.5142, 1
VID193_A2_1_02d00h00m.tif, 409.3859, 644.3859, 416.6141, 651.6141, 1
VID193_A2_1_02d00h00m.tif, 221.2860, 640.2860, 230.7140, 649.7140, 1
VID193_A2_1_02d00h00m.tif, 1221.4858, 640.4858, 1226.5142, 645.5142, 1
VID193_A2_1_02d00h00m.tif, 57.3859, 638.3859, 64.6141, 645.6141, 1
VID193_A2_1_02d00h00m.tif, 983.4858, 636.4858, 988.5142, 641.5142, 1
VID193_A2_1_02d00h00m.tif, 1105.4858, 635.4858, 1110.5142, 640.5142, 1
VID193_A2_1_02d00h00m.tif, 1180.4858, 634.4858, 1185.5142, 639.5142, 1
VID193_A2_1_02d00h00m.tif, 191.3859, 633.3859, 198.6141, 640.6141, 1
VID193_A2_1_02d00h00m.tif, 1019.3859, 630.3859, 1026.6141, 637.6141, 1
VID193_A2_1_02d00h00m.tif, 987.2860, 629.2860, 996.7140, 638.7140, 1
VID193_A2_1_02d00h00m.tif, 760.4858, 630.4858, 765.5142, 635.5142, 1
VID193_A2_1_02d00h00m.tif, 1043.4858, 629.4858, 1048.5142, 634.5142, 1
VID193_A2_1_02d00h00m.tif, 1010.4858, 628.4858, 1015.5142, 633.5142, 1
VID193_A2_1_02d00h00m.tif, 1292.4858, 627.4858, 1297.5142, 632.5142, 1
VID193_A2_1_02d00h00m.tif, 162.3859, 621.3859, 169.6141, 628.6141, 1
VID193_A2_1_02d00h00m.tif, 1262.4858, 620.4858, 1267.5142, 625.5142, 1
VID193_A2_1_02d00h00m.tif, 763.3859, 616.3859, 770.6141, 623.6141, 1
VID193_A2_1_02d00h00m.tif, 1335.4858, 616.4858, 1340.5142, 621.5142, 1
VID193_A2_1_02d00h00m.tif, 1109.3859, 614.3859, 1116.6141, 621.6141, 1
VID193_A2_1_02d00h00m.tif, 1390.4858, 614.4858, 1395.5142, 619.5142, 1
VID193_A2_1_02d00h00m.tif, 1229.4858, 614.4858, 1234.5142, 619.5142, 1
VID193_A2_1_02d00h00m.tif, 996.3859, 610.3859, 1003.6141, 617.6141, 1
VID193_A2_1_02d00h00m.tif, 714.3859, 606.3859, 721.6141, 613.6141, 1
VID193_A2_1_02d00h00m.tif, 1222.3859, 604.3859, 1229.6141, 611.6141, 1
VID193_A2_1_02d00h00m.tif, 110.4858, 604.4858, 115.5142, 609.5142, 1
VID193_A2_1_02d00h00m.tif, 1243.4858, 603.4858, 1248.5142, 608.5142, 1
VID193_A2_1_02d00h00m.tif, 623.3859, 599.3859, 630.6141, 606.6141, 1
VID193_A2_1_02d00h00m.tif, 1260.3859, 595.3859, 1267.6141, 602.6141, 1
VID193_A2_1_02d00h00m.tif, 968.4858, 591.4858, 973.5142, 596.5142, 1
VID193_A2_1_02d00h00m.tif, 379.4858, 591.4858, 384.5142, 596.5142, 1
VID193_A2_1_02d00h00m.tif, 987.4858, 590.4858, 992.5142, 595.5142, 1
VID193_A2_1_02d00h00m.tif, 1380.4858, 589.4858, 1385.5142, 594.5142, 1
VID193_A2_1_02d00h00m.tif, 1124.3859, 588.3859, 1131.6141, 595.6141, 1
VID193_A2_1_02d00h00m.tif, 1137.3859, 585.3859, 1144.6141, 592.6141, 1
VID193_A2_1_02d00h00m.tif, 599.4858, 586.4858, 604.5142, 591.5142, 1
VID193_A2_1_02d00h00m.tif, 1016.3859, 584.3859, 1023.6141, 591.6141, 1
VID193_A2_1_02d00h00m.tif, 1291.3859, 583.3859, 1298.6141, 590.6141, 1
VID193_A2_1_02d00h00m.tif, 1250.4858, 579.4858, 1255.5142, 584.5142, 1
VID193_A2_1_02d00h00m.tif, 1238.4858, 577.4858, 1243.5142, 582.5142, 1
VID193_A2_1_02d00h00m.tif, 562.4858, 574.4858, 567.5142, 579.5142, 1
VID193_A2_1_02d00h00m.tif, 1101.2860, 566.2860, 1110.7140, 575.7140, 1
VID193_A2_1_02d00h00m.tif, 625.4858, 566.4858, 630.5142, 571.5142, 1
VID193_A2_1_02d00h00m.tif, 6.4858, 566.4858, 11.5142, 571.5142, 1
VID193_A2_1_02d00h00m.tif, 1372.3859, 564.3859, 1379.6141, 571.6141, 1
VID193_A2_1_02d00h00m.tif, 563.4858, 565.4858, 568.5142, 570.5142, 1
VID193_A2_1_02d00h00m.tif, 974.3859, 562.3859, 981.6141, 569.6141, 1
VID193_A2_1_02d00h00m.tif, 1086.4858, 561.4858, 1091.5142, 566.5142, 1
VID193_A2_1_02d00h00m.tif, 1392.3859, 559.3859, 1399.6141, 566.6141, 1
VID193_A2_1_02d00h00m.tif, 380.3859, 559.3859, 387.6141, 566.6141, 1
VID193_A2_1_02d00h00m.tif, 22.3859, 558.3859, 29.6141, 565.6141, 1
VID193_A2_1_02d00h00m.tif, 950.4858, 556.4858, 955.5142, 561.5142, 1
VID193_A2_1_02d00h00m.tif, 370.3859, 551.3859, 377.6141, 558.6141, 1
VID193_A2_1_02d00h00m.tif, 1158.3859, 550.3859, 1165.6141, 557.6141, 1
VID193_A2_1_02d00h00m.tif, 914.3859, 550.3859, 921.6141, 557.6141, 1
VID193_A2_1_02d00h00m.tif, 1135.3859, 549.3859, 1142.6141, 556.6141, 1
VID193_A2_1_02d00h00m.tif, 1258.4858, 545.4858, 1263.5142, 550.5142, 1
VID193_A2_1_02d00h00m.tif, 1285.4858, 543.4858, 1290.5142, 548.5142, 1
VID193_A2_1_02d00h00m.tif, 1042.3859, 539.3859, 1049.6141, 546.6141, 1
VID193_A2_1_02d00h00m.tif, 203.4858, 540.4858, 208.5142, 545.5142, 1
VID193_A2_1_02d00h00m.tif, 1133.4858, 537.4858, 1138.5142, 542.5142, 1
VID193_A2_1_02d00h00m.tif, 758.3859, 535.3859, 765.6141, 542.6141, 1
VID193_A2_1_02d00h00m.tif, 1064.3859, 532.3859, 1071.6141, 539.6141, 1
VID193_A2_1_02d00h00m.tif, 1039.4858, 530.4858, 1044.5142, 535.5142, 1
VID193_A2_1_02d00h00m.tif, 379.4858, 523.4858, 384.5142, 528.5142, 1
VID193_A2_1_02d00h00m.tif, 505.3859, 521.3859, 512.6141, 528.6141, 1
VID193_A2_1_02d00h00m.tif, 1356.4858, 521.4858, 1361.5142, 526.5142, 1
VID193_A2_1_02d00h00m.tif, 856.3859, 517.3859, 863.6141, 524.6141, 1
VID193_A2_1_02d00h00m.tif, 1046.3859, 514.3859, 1053.6141, 521.6141, 1
VID193_A2_1_02d00h00m.tif, 758.4858, 511.4858, 763.5142, 516.5142, 1
VID193_A2_1_02d00h00m.tif, 1078.4858, 508.4858, 1083.5142, 513.5142, 1
VID193_A2_1_02d00h00m.tif, 363.3859, 507.3859, 370.6141, 514.6141, 1
VID193_A2_1_02d00h00m.tif, 994.3859, 500.3859, 1001.6141, 507.6141, 1
VID193_A2_1_02d00h00m.tif, 35.3859, 499.3859, 42.6141, 506.6141, 1
VID193_A2_1_02d00h00m.tif, 1327.4858, 499.4858, 1332.5142, 504.5142, 1
VID193_A2_1_02d00h00m.tif, 1162.4858, 498.4858, 1167.5142, 503.5142, 1
VID193_A2_1_02d00h00m.tif, 1376.3859, 492.3859, 1383.6141, 499.6141, 1
VID193_A2_1_02d00h00m.tif, 450.3859, 492.3859, 457.6141, 499.6141, 1
VID193_A2_1_02d00h00m.tif, 192.3859, 492.3859, 199.6141, 499.6141, 1
VID193_A2_1_02d00h00m.tif, 970.4858, 491.4858, 975.5142, 496.5142, 1
VID193_A2_1_02d00h00m.tif, 575.4858, 491.4858, 580.5142, 496.5142, 1
VID193_A2_1_02d00h00m.tif, 324.4858, 489.4858, 329.5142, 494.5142, 1
VID193_A2_1_02d00h00m.tif, 982.3859, 486.3859, 989.6141, 493.6141, 1
VID193_A2_1_02d00h00m.tif, 1346.3859, 485.3859, 1353.6141, 492.6141, 1
VID193_A2_1_02d00h00m.tif, 497.3859, 484.3859, 504.6141, 491.6141, 1
VID193_A2_1_02d00h00m.tif, 865.4858, 483.4858, 870.5142, 488.5142, 1
VID193_A2_1_02d00h00m.tif, 212.3859, 481.3859, 219.6141, 488.6141, 1
VID193_A2_1_02d00h00m.tif, 643.3859, 480.3859, 650.6141, 487.6141, 1
VID193_A2_1_02d00h00m.tif, 552.4858, 480.4858, 557.5142, 485.5142, 1
VID193_A2_1_02d00h00m.tif, 368.3859, 475.3859, 375.6141, 482.6141, 1
VID193_A2_1_02d00h00m.tif, 31.3859, 475.3859, 38.6141, 482.6141, 1
VID193_A2_1_02d00h00m.tif, 580.3859, 474.3859, 587.6141, 481.6141, 1
VID193_A2_1_02d00h00m.tif, 1291.4858, 471.4858, 1296.5142, 476.5142, 1
VID193_A2_1_02d00h00m.tif, 498.4858, 470.4858, 503.5142, 475.5142, 1
VID193_A2_1_02d00h00m.tif, 32.4858, 470.4858, 37.5142, 475.5142, 1
VID193_A2_1_02d00h00m.tif, 1351.4858, 469.4858, 1356.5142, 474.5142, 1
VID193_A2_1_02d00h00m.tif, 1034.3859, 468.3859, 1041.6141, 475.6141, 1
VID193_A2_1_02d00h00m.tif, 920.3859, 468.3859, 927.6141, 475.6141, 1
VID193_A2_1_02d00h00m.tif, 1300.3859, 463.3859, 1307.6141, 470.6141, 1
VID193_A2_1_02d00h00m.tif, 883.3859, 463.3859, 890.6141, 470.6141, 1
VID193_A2_1_02d00h00m.tif, 491.4858, 464.4858, 496.5142, 469.5142, 1
VID193_A2_1_02d00h00m.tif, 290.4858, 462.4858, 295.5142, 467.5142, 1
VID193_A2_1_02d00h00m.tif, 481.3859, 451.3859, 488.6141, 458.6141, 1
VID193_A2_1_02d00h00m.tif, 349.3859, 451.3859, 356.6141, 458.6141, 1
VID193_A2_1_02d00h00m.tif, 325.4858, 451.4858, 330.5142, 456.5142, 1
VID193_A2_1_02d00h00m.tif, 1132.4858, 450.4858, 1137.5142, 455.5142, 1
VID193_A2_1_02d00h00m.tif, 841.4858, 450.4858, 846.5142, 455.5142, 1
VID193_A2_1_02d00h00m.tif, 751.4858, 450.4858, 756.5142, 455.5142, 1
VID193_A2_1_02d00h00m.tif, 604.4858, 448.4858, 609.5142, 453.5142, 1
VID193_A2_1_02d00h00m.tif, 538.3859, 443.3859, 545.6141, 450.6141, 1
VID193_A2_1_02d00h00m.tif, 1376.3859, 440.3859, 1383.6141, 447.6141, 1
VID193_A2_1_02d00h00m.tif, 1044.3859, 438.3859, 1051.6141, 445.6141, 1
VID193_A2_1_02d00h00m.tif, 1081.4858, 438.4858, 1086.5142, 443.5142, 1
VID193_A2_1_02d00h00m.tif, 11.3859, 436.3859, 18.6141, 443.6141, 1
VID193_A2_1_02d00h00m.tif, 221.3859, 430.3859, 228.6141, 437.6141, 1
VID193_A2_1_02d00h00m.tif, 597.4858, 430.4858, 602.5142, 435.5142, 1
VID193_A2_1_02d00h00m.tif, 1133.3859, 427.3859, 1140.6141, 434.6141, 1
VID193_A2_1_02d00h00m.tif, 1318.3859, 419.3859, 1325.6141, 426.6141, 1
VID193_A2_1_02d00h00m.tif, 362.4858, 418.4858, 367.5142, 423.5142, 1
VID193_A2_1_02d00h00m.tif, 1200.3859, 416.3859, 1207.6141, 423.6141, 1
VID193_A2_1_02d00h00m.tif, 557.3859, 414.3859, 564.6141, 421.6141, 1
VID193_A2_1_02d00h00m.tif, 875.2860, 409.2860, 884.7140, 418.7140, 1
VID193_A2_1_02d00h00m.tif, 963.4858, 404.4858, 968.5142, 409.5142, 1
VID193_A2_1_02d00h00m.tif, 773.4858, 402.4858, 778.5142, 407.5142, 1
VID193_A2_1_02d00h00m.tif, 1238.4858, 401.4858, 1243.5142, 406.5142, 1
VID193_A2_1_02d00h00m.tif, 1385.3859, 397.3859, 1392.6141, 404.6141, 1
VID193_A2_1_02d00h00m.tif, 798.3859, 392.3859, 805.6141, 399.6141, 1
VID193_A2_1_02d00h00m.tif, 1238.3859, 391.3859, 1245.6141, 398.6141, 1
VID193_A2_1_02d00h00m.tif, 86.3859, 391.3859, 93.6141, 398.6141, 1
VID193_A2_1_02d00h00m.tif, 980.4858, 391.4858, 985.5142, 396.5142, 1
VID193_A2_1_02d00h00m.tif, 1090.3859, 388.3859, 1097.6141, 395.6141, 1
VID193_A2_1_02d00h00m.tif, 745.3859, 387.3859, 752.6141, 394.6141, 1
VID193_A2_1_02d00h00m.tif, 406.3859, 383.3859, 413.6141, 390.6141, 1
VID193_A2_1_02d00h00m.tif, 256.3859, 380.3859, 263.6141, 387.6141, 1
VID193_A2_1_02d00h00m.tif, 1065.4858, 380.4858, 1070.5142, 385.5142, 1
VID193_A2_1_02d00h00m.tif, 1399.3859, 376.3859, 1406.6141, 383.6141, 1
VID193_A2_1_02d00h00m.tif, 880.3859, 375.3859, 887.6141, 382.6141, 1
VID193_A2_1_02d00h00m.tif, 240.4858, 376.4858, 245.5142, 381.5142, 1
VID193_A2_1_02d00h00m.tif, 694.4858, 374.4858, 699.5142, 379.5142, 1
VID193_A2_1_02d00h00m.tif, 105.3859, 373.3859, 112.6141, 380.6141, 1
VID193_A2_1_02d00h00m.tif, 1163.3859, 370.3859, 1170.6141, 377.6141, 1
VID193_A2_1_02d00h00m.tif, 1286.4858, 364.4858, 1291.5142, 369.5142, 1
VID193_A2_1_02d00h00m.tif, 1097.4858, 363.4858, 1102.5142, 368.5142, 1
VID193_A2_1_02d00h00m.tif, 1008.3859, 362.3859, 1015.6141, 369.6141, 1
VID193_A2_1_02d00h00m.tif, 690.3859, 362.3859, 697.6141, 369.6141, 1
VID193_A2_1_02d00h00m.tif, 890.4858, 362.4858, 895.5142, 367.5142, 1
VID193_A2_1_02d00h00m.tif, 766.4858, 358.4858, 771.5142, 363.5142, 1
VID193_A2_1_02d00h00m.tif, 1261.3859, 356.3859, 1268.6141, 363.6141, 1
VID193_A2_1_02d00h00m.tif, 556.3859, 353.3859, 563.6141, 360.6141, 1
VID193_A2_1_02d00h00m.tif, 997.4858, 353.4858, 1002.5142, 358.5142, 1
VID193_A2_1_02d00h00m.tif, 528.4858, 353.4858, 533.5142, 358.5142, 1
VID193_A2_1_02d00h00m.tif, 1168.4858, 352.4858, 1173.5142, 357.5142, 1
VID193_A2_1_02d00h00m.tif, 729.4858, 352.4858, 734.5142, 357.5142, 1
VID193_A2_1_02d00h00m.tif, 940.3859, 350.3859, 947.6141, 357.6141, 1
VID193_A2_1_02d00h00m.tif, 922.3859, 344.3859, 929.6141, 351.6141, 1
VID193_A2_1_02d00h00m.tif, 305.3859, 343.3859, 312.6141, 350.6141, 1
VID193_A2_1_02d00h00m.tif, 1376.2860, 340.2860, 1385.7140, 349.7140, 1
VID193_A2_1_02d00h00m.tif, 1284.4858, 342.4858, 1289.5142, 347.5142, 1
VID193_A2_1_02d00h00m.tif, 192.3859, 341.3859, 199.6141, 348.6141, 1
VID193_A2_1_02d00h00m.tif, 100.3859, 341.3859, 107.6141, 348.6141, 1
VID193_A2_1_02d00h00m.tif, 74.4858, 341.4858, 79.5142, 346.5142, 1
VID193_A2_1_02d00h00m.tif, 1228.4858, 339.4858, 1233.5142, 344.5142, 1
VID193_A2_1_02d00h00m.tif, 199.4858, 336.4858, 204.5142, 341.5142, 1
VID193_A2_1_02d00h00m.tif, 1361.2860, 328.2860, 1370.7140, 337.7140, 1
VID193_A2_1_02d00h00m.tif, 1292.4858, 330.4858, 1297.5142, 335.5142, 1
VID193_A2_1_02d00h00m.tif, 1193.3859, 329.3859, 1200.6141, 336.6141, 1
VID193_A2_1_02d00h00m.tif, 736.3859, 324.3859, 743.6141, 331.6141, 1
VID193_A2_1_02d00h00m.tif, 174.3859, 321.3859, 181.6141, 328.6141, 1
VID193_A2_1_02d00h00m.tif, 1391.4858, 319.4858, 1396.5142, 324.5142, 1
VID193_A2_1_02d00h00m.tif, 684.4858, 316.4858, 689.5142, 321.5142, 1
VID193_A2_1_02d00h00m.tif, 898.4858, 315.4858, 903.5142, 320.5142, 1
VID193_A2_1_02d00h00m.tif, 546.3859, 309.3859, 553.6141, 316.6141, 1
VID193_A2_1_02d00h00m.tif, 1351.2860, 305.2860, 1360.7140, 314.7140, 1
VID193_A2_1_02d00h00m.tif, 1242.4858, 305.4858, 1247.5142, 310.5142, 1
VID193_A2_1_02d00h00m.tif, 1209.4858, 304.4858, 1214.5142, 309.5142, 1
VID193_A2_1_02d00h00m.tif, 834.3859, 301.3859, 841.6141, 308.6141, 1
VID193_A2_1_02d00h00m.tif, 114.3859, 301.3859, 121.6141, 308.6141, 1
VID193_A2_1_02d00h00m.tif, 91.4858, 302.4858, 96.5142, 307.5142, 1
VID193_A2_1_02d00h00m.tif, 510.4858, 299.4858, 515.5142, 304.5142, 1
VID193_A2_1_02d00h00m.tif, 1157.3859, 297.3859, 1164.6141, 304.6141, 1
VID193_A2_1_02d00h00m.tif, 661.4858, 297.4858, 666.5142, 302.5142, 1
VID193_A2_1_02d00h00m.tif, 841.3859, 294.3859, 848.6141, 301.6141, 1
VID193_A2_1_02d00h00m.tif, 1102.3859, 292.3859, 1109.6141, 299.6141, 1
VID193_A2_1_02d00h00m.tif, 1067.4858, 293.4858, 1072.5142, 298.5142, 1
VID193_A2_1_02d00h00m.tif, 1094.4858, 291.4858, 1099.5142, 296.5142, 1
VID193_A2_1_02d00h00m.tif, 1353.3859, 289.3859, 1360.6141, 296.6141, 1
VID193_A2_1_02d00h00m.tif, 90.3859, 288.3859, 97.6141, 295.6141, 1
VID193_A2_1_02d00h00m.tif, 645.4858, 288.4858, 650.5142, 293.5142, 1
VID193_A2_1_02d00h00m.tif, 193.4858, 288.4858, 198.5142, 293.5142, 1
VID193_A2_1_02d00h00m.tif, 905.3859, 286.3859, 912.6141, 293.6141, 1
VID193_A2_1_02d00h00m.tif, 1067.4858, 282.4858, 1072.5142, 287.5142, 1
VID193_A2_1_02d00h00m.tif, 45.3859, 276.3859, 52.6141, 283.6141, 1
VID193_A2_1_02d00h00m.tif, 164.4858, 271.4858, 169.5142, 276.5142, 1
VID193_A2_1_02d00h00m.tif, 800.3859, 267.3859, 807.6141, 274.6141, 1
VID193_A2_1_02d00h00m.tif, 978.2860, 264.2860, 987.7140, 273.7140, 1
VID193_A2_1_02d00h00m.tif, 267.3859, 263.3859, 274.6141, 270.6141, 1
VID193_A2_1_02d00h00m.tif, 1370.3859, 261.3859, 1377.6141, 268.6141, 1
VID193_A2_1_02d00h00m.tif, 1042.4858, 258.4858, 1047.5142, 263.5142, 1
VID193_A2_1_02d00h00m.tif, 310.3859, 255.3859, 317.6141, 262.6141, 1
VID193_A2_1_02d00h00m.tif, 400.4858, 251.4858, 405.5142, 256.5142, 1
VID193_A2_1_02d00h00m.tif, 527.3859, 245.3859, 534.6141, 252.6141, 1
VID193_A2_1_02d00h00m.tif, 973.4858, 244.4858, 978.5142, 249.5142, 1
VID193_A2_1_02d00h00m.tif, 1352.4858, 243.4858, 1357.5142, 248.5142, 1
VID193_A2_1_02d00h00m.tif, 965.4858, 241.4858, 970.5142, 246.5142, 1
VID193_A2_1_02d00h00m.tif, 391.4858, 240.4858, 396.5142, 245.5142, 1
VID193_A2_1_02d00h00m.tif, 1118.3859, 238.3859, 1125.6141, 245.6141, 1
VID193_A2_1_02d00h00m.tif, 948.3859, 238.3859, 955.6141, 245.6141, 1
VID193_A2_1_02d00h00m.tif, 247.3859, 236.3859, 254.6141, 243.6141, 1
VID193_A2_1_02d00h00m.tif, 543.3859, 235.3859, 550.6141, 242.6141, 1
VID193_A2_1_02d00h00m.tif, 501.4858, 236.4858, 506.5142, 241.5142, 1
VID193_A2_1_02d00h00m.tif, 352.3859, 233.3859, 359.6141, 240.6141, 1
VID193_A2_1_02d00h00m.tif, 1356.2860, 231.2860, 1365.7140, 240.7140, 1
VID193_A2_1_02d00h00m.tif, 495.4858, 226.4858, 500.5142, 231.5142, 1
VID193_A2_1_02d00h00m.tif, 1193.4858, 225.4858, 1198.5142, 230.5142, 1
VID193_A2_1_02d00h00m.tif, 1178.3859, 222.3859, 1185.6141, 229.6141, 1
VID193_A2_1_02d00h00m.tif, 505.4858, 222.4858, 510.5142, 227.5142, 1
VID193_A2_1_02d00h00m.tif, 78.4858, 222.4858, 83.5142, 227.5142, 1
VID193_A2_1_02d00h00m.tif, 1065.3859, 218.3859, 1072.6141, 225.6141, 1
VID193_A2_1_02d00h00m.tif, 1029.4858, 219.4858, 1034.5142, 224.5142, 1
VID193_A2_1_02d00h00m.tif, 218.4858, 219.4858, 223.5142, 224.5142, 1
VID193_A2_1_02d00h00m.tif, 776.3859, 216.3859, 783.6141, 223.6141, 1
VID193_A2_1_02d00h00m.tif, 1394.3859, 214.3859, 1401.6141, 221.6141, 1
VID193_A2_1_02d00h00m.tif, 1372.4858, 215.4858, 1377.5142, 220.5142, 1
VID193_A2_1_02d00h00m.tif, 1088.3859, 209.3859, 1095.6141, 216.6141, 1
VID193_A2_1_02d00h00m.tif, 1278.3859, 208.3859, 1285.6141, 215.6141, 1
VID193_A2_1_02d00h00m.tif, 1235.4858, 202.4858, 1240.5142, 207.5142, 1
VID193_A2_1_02d00h00m.tif, 156.3859, 200.3859, 163.6141, 207.6141, 1
VID193_A2_1_02d00h00m.tif, 836.4858, 200.4858, 841.5142, 205.5142, 1
VID193_A2_1_02d00h00m.tif, 17.2860, 198.2860, 26.7140, 207.7140, 1
VID193_A2_1_02d00h00m.tif, 663.3859, 198.3859, 670.6141, 205.6141, 1
VID193_A2_1_02d00h00m.tif, 607.4858, 197.4858, 612.5142, 202.5142, 1
VID193_A2_1_02d00h00m.tif, 104.3859, 194.3859, 111.6141, 201.6141, 1
VID193_A2_1_02d00h00m.tif, 1353.3859, 193.3859, 1360.6141, 200.6141, 1
VID193_A2_1_02d00h00m.tif, 903.3859, 193.3859, 910.6141, 200.6141, 1
VID193_A2_1_02d00h00m.tif, 1172.4858, 193.4858, 1177.5142, 198.5142, 1
VID193_A2_1_02d00h00m.tif, 799.3859, 191.3859, 806.6141, 198.6141, 1
VID193_A2_1_02d00h00m.tif, 599.3859, 191.3859, 606.6141, 198.6141, 1
VID193_A2_1_02d00h00m.tif, 748.3859, 190.3859, 755.6141, 197.6141, 1
VID193_A2_1_02d00h00m.tif, 227.3859, 182.3859, 234.6141, 189.6141, 1
VID193_A2_1_02d00h00m.tif, 1333.4858, 182.4858, 1338.5142, 187.5142, 1
VID193_A2_1_02d00h00m.tif, 617.3859, 180.3859, 624.6141, 187.6141, 1
VID193_A2_1_02d00h00m.tif, 1275.4858, 176.4858, 1280.5142, 181.5142, 1
VID193_A2_1_02d00h00m.tif, 1318.2860, 172.2860, 1327.7140, 181.7140, 1
VID193_A2_1_02d00h00m.tif, 1202.4858, 174.4858, 1207.5142, 179.5142, 1
VID193_A2_1_02d00h00m.tif, 170.3859, 171.3859, 177.6141, 178.6141, 1
VID193_A2_1_02d00h00m.tif, 637.3859, 168.3859, 644.6141, 175.6141, 1
VID193_A2_1_02d00h00m.tif, 139.4858, 169.4858, 144.5142, 174.5142, 1
VID193_A2_1_02d00h00m.tif, 728.3859, 166.3859, 735.6141, 173.6141, 1
VID193_A2_1_02d00h00m.tif, 1179.2860, 164.2860, 1188.7140, 173.7140, 1
VID193_A2_1_02d00h00m.tif, 947.3859, 165.3859, 954.6141, 172.6141, 1
VID193_A2_1_02d00h00m.tif, 1079.4858, 164.4858, 1084.5142, 169.5142, 1
VID193_A2_1_02d00h00m.tif, 998.3859, 163.3859, 1005.6141, 170.6141, 1
VID193_A2_1_02d00h00m.tif, 1091.4858, 163.4858, 1096.5142, 168.5142, 1
VID193_A2_1_02d00h00m.tif, 1277.3859, 161.3859, 1284.6141, 168.6141, 1
VID193_A2_1_02d00h00m.tif, 1361.4858, 157.4858, 1366.5142, 162.5142, 1
VID193_A2_1_02d00h00m.tif, 94.4858, 157.4858, 99.5142, 162.5142, 1
VID193_A2_1_02d00h00m.tif, 798.3859, 155.3859, 805.6141, 162.6141, 1
VID193_A2_1_02d00h00m.tif, 1086.3859, 154.3859, 1093.6141, 161.6141, 1
VID193_A2_1_02d00h00m.tif, 630.3859, 153.3859, 637.6141, 160.6141, 1
VID193_A2_1_02d00h00m.tif, 1140.4858, 153.4858, 1145.5142, 158.5142, 1
VID193_A2_1_02d00h00m.tif, 877.3859, 150.3859, 884.6141, 157.6141, 1
VID193_A2_1_02d00h00m.tif, 775.4858, 151.4858, 780.5142, 156.5142, 1
VID193_A2_1_02d00h00m.tif, 1200.4858, 149.4858, 1205.5142, 154.5142, 1
VID193_A2_1_02d00h00m.tif, 1038.4858, 145.4858, 1043.5142, 150.5142, 1
VID193_A2_1_02d00h00m.tif, 1001.3859, 144.3859, 1008.6141, 151.6141, 1
VID193_A2_1_02d00h00m.tif, 1306.3859, 143.3859, 1313.6141, 150.6141, 1
VID193_A2_1_02d00h00m.tif, 953.4858, 144.4858, 958.5142, 149.5142, 1
VID193_A2_1_02d00h00m.tif, 821.3859, 143.3859, 828.6141, 150.6141, 1
VID193_A2_1_02d00h00m.tif, 809.4858, 144.4858, 814.5142, 149.5142, 1
VID193_A2_1_02d00h00m.tif, 1361.4858, 141.4858, 1366.5142, 146.5142, 1
VID193_A2_1_02d00h00m.tif, 575.3859, 137.3859, 582.6141, 144.6141, 1
VID193_A2_1_02d00h00m.tif, 138.3859, 136.3859, 145.6141, 143.6141, 1
VID193_A2_1_02d00h00m.tif, 665.3859, 135.3859, 672.6141, 142.6141, 1
VID193_A2_1_02d00h00m.tif, 1137.4858, 135.4858, 1142.5142, 140.5142, 1
VID193_A2_1_02d00h00m.tif, 809.3859, 133.3859, 816.6141, 140.6141, 1
VID193_A2_1_02d00h00m.tif, 1364.3859, 131.3859, 1371.6141, 138.6141, 1
VID193_A2_1_02d00h00m.tif, 127.4858, 131.4858, 132.5142, 136.5142, 1
VID193_A2_1_02d00h00m.tif, 915.3859, 127.3859, 922.6141, 134.6141, 1
VID193_A2_1_02d00h00m.tif, 455.3859, 127.3859, 462.6141, 134.6141, 1
VID193_A2_1_02d00h00m.tif, 1131.3859, 126.3859, 1138.6141, 133.6141, 1
VID193_A2_1_02d00h00m.tif, 975.4858, 127.4858, 980.5142, 132.5142, 1
VID193_A2_1_02d00h00m.tif, 697.4858, 123.4858, 702.5142, 128.5142, 1
VID193_A2_1_02d00h00m.tif, 1355.4858, 122.4858, 1360.5142, 127.5142, 1
VID193_A2_1_02d00h00m.tif, 1339.4858, 121.4858, 1344.5142, 126.5142, 1
VID193_A2_1_02d00h00m.tif, 1032.4858, 121.4858, 1037.5142, 126.5142, 1
VID193_A2_1_02d00h00m.tif, 1144.4858, 120.4858, 1149.5142, 125.5142, 1
VID193_A2_1_02d00h00m.tif, 1396.4858, 118.4858, 1401.5142, 123.5142, 1
VID193_A2_1_02d00h00m.tif, 1082.3859, 117.3859, 1089.6141, 124.6141, 1
VID193_A2_1_02d00h00m.tif, 461.3859, 116.3859, 468.6141, 123.6141, 1
VID193_A2_1_02d00h00m.tif, 1104.3859, 114.3859, 1111.6141, 121.6141, 1
VID193_A2_1_02d00h00m.tif, 1268.4858, 114.4858, 1273.5142, 119.5142, 1
VID193_A2_1_02d00h00m.tif, 1120.3859, 113.3859, 1127.6141, 120.6141, 1
VID193_A2_1_02d00h00m.tif, 65.3859, 113.3859, 72.6141, 120.6141, 1
VID193_A2_1_02d00h00m.tif, 396.4858, 113.4858, 401.5142, 118.5142, 1
VID193_A2_1_02d00h00m.tif, 1144.4858, 112.4858, 1149.5142, 117.5142, 1
VID193_A2_1_02d00h00m.tif, 51.3859, 111.3859, 58.6141, 118.6141, 1
VID193_A2_1_02d00h00m.tif, 1331.4858, 109.4858, 1336.5142, 114.5142, 1
VID193_A2_1_02d00h00m.tif, 1073.4858, 109.4858, 1078.5142, 114.5142, 1
VID193_A2_1_02d00h00m.tif, 746.3859, 105.3859, 753.6141, 112.6141, 1
VID193_A2_1_02d00h00m.tif, 177.4858, 106.4858, 182.5142, 111.5142, 1
VID193_A2_1_02d00h00m.tif, 95.0861, 100.0861, 108.9139, 113.9139, 1
VID193_A2_1_02d00h00m.tif, 1040.4858, 103.4858, 1045.5142, 108.5142, 1
VID193_A2_1_02d00h00m.tif, 680.3859, 102.3859, 687.6141, 109.6141, 1
VID193_A2_1_02d00h00m.tif, 1068.4858, 102.4858, 1073.5142, 107.5142, 1
VID193_A2_1_02d00h00m.tif, 842.3859, 100.3859, 849.6141, 107.6141, 1
VID193_A2_1_02d00h00m.tif, 989.4858, 100.4858, 994.5142, 105.5142, 1
VID193_A2_1_02d00h00m.tif, 1333.4858, 99.4858, 1338.5142, 104.5142, 1
VID193_A2_1_02d00h00m.tif, 824.3859, 98.3859, 831.6141, 105.6141, 1
VID193_A2_1_02d00h00m.tif, 1313.4858, 96.4858, 1318.5142, 101.5142, 1
VID193_A2_1_02d00h00m.tif, 101.4858, 96.4858, 106.5142, 101.5142, 1
VID193_A2_1_02d00h00m.tif, 1075.4858, 95.4858, 1080.5142, 100.5142, 1
VID193_A2_1_02d00h00m.tif, 765.4858, 94.4858, 770.5142, 99.5142, 1
VID193_A2_1_02d00h00m.tif, 533.3859, 93.3859, 540.6141, 100.6141, 1
VID193_A2_1_02d00h00m.tif, 1127.2860, 91.2860, 1136.7140, 100.7140, 1
VID193_A2_1_02d00h00m.tif, 250.3859, 92.3859, 257.6141, 99.6141, 1
VID193_A2_1_02d00h00m.tif, 989.3859, 89.3859, 996.6141, 96.6141, 1
VID193_A2_1_02d00h00m.tif, 84.3859, 85.3859, 91.6141, 92.6141, 1
VID193_A2_1_02d00h00m.tif, 156.3859, 82.3859, 163.6141, 89.6141, 1
VID193_A2_1_02d00h00m.tif, 303.3859, 81.3859, 310.6141, 88.6141, 1
VID193_A2_1_02d00h00m.tif, 313.3859, 78.3859, 320.6141, 85.6141, 1
VID193_A2_1_02d00h00m.tif, 1253.4858, 77.4858, 1258.5142, 82.5142, 1
VID193_A2_1_02d00h00m.tif, 1132.4858, 77.4858, 1137.5142, 82.5142, 1
VID193_A2_1_02d00h00m.tif, 862.4858, 76.4858, 867.5142, 81.5142, 1
VID193_A2_1_02d00h00m.tif, 105.4858, 76.4858, 110.5142, 81.5142, 1
VID193_A2_1_02d00h00m.tif, 1268.3859, 74.3859, 1275.6141, 81.6141, 1
VID193_A2_1_02d00h00m.tif, 1020.3859, 74.3859, 1027.6141, 81.6141, 1
VID193_A2_1_02d00h00m.tif, 51.3859, 73.3859, 58.6141, 80.6141, 1
VID193_A2_1_02d00h00m.tif, 1364.4858, 71.4858, 1369.5142, 76.5142, 1
VID193_A2_1_02d00h00m.tif, 453.3859, 70.3859, 460.6141, 77.6141, 1
VID193_A2_1_02d00h00m.tif, 1115.3859, 67.3859, 1122.6141, 74.6141, 1
VID193_A2_1_02d00h00m.tif, 1278.4858, 66.4858, 1283.5142, 71.5142, 1
VID193_A2_1_02d00h00m.tif, 921.3859, 65.3859, 928.6141, 72.6141, 1
VID193_A2_1_02d00h00m.tif, 444.3859, 62.3859, 451.6141, 69.6141, 1
VID193_A2_1_02d00h00m.tif, 373.3859, 62.3859, 380.6141, 69.6141, 1
VID193_A2_1_02d00h00m.tif, 813.3859, 61.3859, 820.6141, 68.6141, 1
VID193_A2_1_02d00h00m.tif, 1032.4858, 60.4858, 1037.5142, 65.5142, 1
VID193_A2_1_02d00h00m.tif, 86.3859, 57.3859, 93.6141, 64.6141, 1
VID193_A2_1_02d00h00m.tif, 955.3859, 52.3859, 962.6141, 59.6141, 1
VID193_A2_1_02d00h00m.tif, 189.3859, 51.3859, 196.6141, 58.6141, 1
VID193_A2_1_02d00h00m.tif, 434.3859, 49.3859, 441.6141, 56.6141, 1
VID193_A2_1_02d00h00m.tif, 1322.3859, 47.3859, 1329.6141, 54.6141, 1
VID193_A2_1_02d00h00m.tif, 935.3859, 46.3859, 942.6141, 53.6141, 1
VID193_A2_1_02d00h00m.tif, 521.4858, 46.4858, 526.5142, 51.5142, 1
VID193_A2_1_02d00h00m.tif, 513.4858, 46.4858, 518.5142, 51.5142, 1
VID193_A2_1_02d00h00m.tif, 171.4858, 43.4858, 176.5142, 48.5142, 1
VID193_A2_1_02d00h00m.tif, 896.4858, 40.4858, 901.5142, 45.5142, 1
VID193_A2_1_02d00h00m.tif, 821.3859, 39.3859, 828.6141, 46.6141, 1
VID193_A2_1_02d00h00m.tif, 933.4858, 38.4858, 938.5142, 43.5142, 1
VID193_A2_1_02d00h00m.tif, 463.3859, 37.3859, 470.6141, 44.6141, 1
VID193_A2_1_02d00h00m.tif, 33.3859, 36.3859, 40.6141, 43.6141, 1
VID193_A2_1_02d00h00m.tif, 954.3859, 35.3859, 961.6141, 42.6141, 1
VID193_A2_1_02d00h00m.tif, 1074.4858, 35.4858, 1079.5142, 40.5142, 1
VID193_A2_1_02d00h00m.tif, 592.3859, 34.3859, 599.6141, 41.6141, 1
VID193_A2_1_02d00h00m.tif, 19.3859, 33.3859, 26.6141, 40.6141, 1
VID193_A2_1_02d00h00m.tif, 521.4858, 32.4858, 526.5142, 37.5142, 1
VID193_A2_1_02d00h00m.tif, 1147.4858, 31.4858, 1152.5142, 36.5142, 1
VID193_A2_1_02d00h00m.tif, 1326.4858, 30.4858, 1331.5142, 35.5142, 1
VID193_A2_1_02d00h00m.tif, 500.3859, 29.3859, 507.6141, 36.6141, 1
VID193_A2_1_02d00h00m.tif, 1174.4858, 28.4858, 1179.5142, 33.5142, 1
VID193_A2_1_02d00h00m.tif, 1253.4858, 26.4858, 1258.5142, 31.5142, 1
VID193_A2_1_02d00h00m.tif, 1153.4858, 26.4858, 1158.5142, 31.5142, 1
VID193_A2_1_02d00h00m.tif, 1329.2860, 22.2860, 1338.7140, 31.7140, 1
VID193_A2_1_02d00h00m.tif, 575.3859, 23.3859, 582.6141, 30.6141, 1
VID193_A2_1_02d00h00m.tif, 1156.4858, 20.4858, 1161.5142, 25.5142, 1
VID193_A2_1_02d00h00m.tif, 301.3859, 19.3859, 308.6141, 26.6141, 1
VID193_A2_1_02d00h00m.tif, 1381.3859, 17.3859, 1388.6141, 24.6141, 1
VID193_A2_1_02d00h00m.tif, 1117.3859, 17.3859, 1124.6141, 24.6141, 1
VID193_A2_1_02d00h00m.tif, 1246.3859, 15.3859, 1253.6141, 22.6141, 1
VID193_A2_1_02d00h00m.tif, 882.3859, 14.3859, 889.6141, 21.6141, 1
VID193_A2_1_02d00h00m.tif, 992.3859, 11.3859, 999.6141, 18.6141, 1
VID193_A2_1_02d00h00m.tif, 48.3859, 11.3859, 55.6141, 18.6141, 1
VID193_A2_1_02d00h00m.tif, 1259.4858, 6.4858, 1264.5142, 11.5142, 1
VID193_A2_1_02d00h00m.tif, 296.3859, 3.3859, 303.6141, 10.6141, 1
VID193_A2_1_02d00h00m.tif, 1307.4858, 2.4858, 1312.5142, 7.5142, 1
VID193_A2_1_02d00h00m.tif, 731.4858, 1.4858, 736.5142, 6.5142, 1
